# callgrind format
version: 1
creator: callgrind-3.18.1
pid: 18166
cmd:  ./bin/driver {@:2}
part: 1


desc: I1 cache: 
desc: D1 cache: 
desc: LL cache: 

desc: Timerange: Basic block 0 - 24091
desc: Trigger: Program termination

positions: line
events: Ir
summary: 117739


ob=(1) /usr/lib/aarch64-linux-gnu/ld-linux-aarch64.so.1
fl=(71) ./elf/./elf/dl-lookup.c
fn=(272) do_lookup_x
363 327
+1 109
-1 872
+6 109
-6 545
+48 109
+82 109
390 109
493 109
390 109
493 436
-82 109
-20 218
-1 109
+1 109
-21 218
cfn=(273) do_lookup_x'2
calls=109 +4 
* 35467
859 24
+1 109
+5 109
+23 218
-23 109
+24 489
+7 101
-7 101
+40 404
+79 303
-65 202
+3 400
+7 600
-69 100
+69 300
-86 40
+18 24
cfn=(271) _dl_lookup_symbol_x'2
calls=8 +68 
* 80
+59 3
cfn=(271)
calls=1 +2 
* 14

fn=(273)
395 700
fi=(4) ./elf/../sysdeps/generic/ldsodefs.h
80 350
fe=(71)
403 700
-4 350
+1 350
+3 700
+1 350
+3 350
-3 700
+4 350
+4 700
+3 350
-3 350
+3 350
-5 350
+8 1400
570 747
374 700
+3 700
+4 700
+4 700
+4 1050
+88 202
fi=(4)
137 202
+1 101
fe=(71)
528 202
fi=(72) ./elf/../sysdeps/generic/dl-protected.h
29 202
fe=(71)
535 784
+16 101
+1 101
+1 101
+21 808
422 105
-1 105
+1 210
-1 105
+2 105
+2 105
+6 420
-6 1575
cfn=(273)
calls=105 +3 
* 20877
+13 258
-10 1150
+2 101
+1 202
-1 101
+1 202
+1 101
-1 202
+1 101
-1 606
cfn=(276) check_match
calls=101 70 
* 12453
+4 101
573 8
+1 64
-35 18
-70 12
170 44
cfn=(273)
calls=4 469 
* 1221
+6 1212
cfn=(273)
calls=101 477 
* 2822

fn=(270) _dl_lookup_symbol_x
840 65
+92 13
-92 104
+92 13
-92 39
+92 13
692 39
581 39
-1 26
+2 26
-1 26
+1 274
-1 274
+2 13
846 26
-4 26
+1 13
+3 39
+4 23
+5 26
-2 13
+6 13
-7 65
cfn=(271)
calls=13 +8 
* 5415
fi=(5) ./elf/../sysdeps/aarch64/dl-machine.h
256 12
+2 3
+8 7
-8 2
+3 2
-3 4
+3 4
+5 18
+28 6
fi=(6) ./elf/./elf/do-rel.h
145 2
fi=(5)
295 2
cfi=(6)
cfn=(268) _dl_relocate_object
calls=2 145 
* 42950
-29 2
cfn=(265) _dl_relocate_object'2
calls=1 +28 
* 13585
-8 4
+3 2
-3 4
-2 4
+2 2
+3 1
-3 2
+3 2
+5 7
+28 3
fi=(6)
191 1
fi=(5)
295 1
cfi=(6)
cfn=(268)
calls=1 191 
* 2476
-37 2
+3 1
-3 2
fi=(89) ./elf/./elf/dl-runtime.c
95 5
+4 10
+10 60
+15 25
+9 10
+29 10
cfn=(333) _dl_fixup'2
calls=5 -3 
* 45
fi=(7) ./elf/./elf/dl-minimal.c
-94 20
+1 44
+2 4
fi=(79) ./elf/./dl-sym-post.h
-30 8
+12 12
fi=(7)
+19 8
fi=(79)
-12 4
fi=(7)
+12 8
fe=(71)

fn=(271)
840 480
+92 96
-92 768
+92 96
-92 288
+92 96
692 288
581 288
-1 192
+2 192
-1 192
+1 2456
-1 2456
+2 96
846 192
-4 192
+1 96
+3 288
+4 184
+5 192
-2 96
+6 96
-7 480
cfn=(271)
calls=96 +8 
* 38796
+8 1308
cfn=(272)
calls=109 363 
* 42903
+86 4
+7 54
-69 9
+69 27
fi=(5)
256 364
+2 91
+8 21
-3 4
fi=(73) ./elf/../sysdeps/aarch64/dl-irel.h
38 2
-1 2
+3 2
-2 1
+2 1
-1 2
+1 2
cob=(3) /usr/lib/aarch64-linux-gnu/libc.so.6
cfi=(75) ./string/../sysdeps/aarch64/multiarch/strlen.c
cfn=(284) strlen
calls=1 -6 
* 10
* 1
fi=(5)
266 10
-8 88
+3 88
-3 176
+3 176
+5 621
+28 261
fi=(6)
145 87
fi=(5)
295 87
cfi=(6)
cfn=(269) _dl_relocate_object'2
calls=87 145 
* 1277992
-29 6
+83 2
+2 4
+2 4
-1 2
cfi=(6)
cfn=(269)
calls=1 145 
* 13115
-86 6
cfn=(265)
calls=3 +28 
* 27725
-8 176
+3 88
-3 176
-2 20
+2 5
+8 32
-8 1
+3 1
-3 2
+3 2
+5 11
+28 12
fi=(6)
191 4
fi=(5)
295 4
cfi=(6)
cfn=(269)
calls=4 191 
* 4294
-1 3
fi=(6)
191 1
fi=(5)
295 1
cfi=(6)
cfn=(269)
calls=1 191 
* 1007
-37 2
+3 1
-3 2
fe=(71)

fn=(276)
70 707
+3 101
-3 505
+3 303
+13 101
-13 101
+13 101
-13 101
+13 303
+3 362
cfi=(24) ./string/../sysdeps/aarch64/strcmp.S
cfn=(66) strcmp
calls=40 -25 
* 2655
* 40
+4 101
+1 101
+2 98
+19 98
+1 882
-38 101
+84 505
-18 3
+2 3
+1 9
-1 9
-29 294
cfi=(24)
cfn=(66)
calls=98 -53 
* 4771
* 98

fl=(61) ./io/../sysdeps/unix/sysv/linux/stat64.c
fn=(204) stat
29 40
cfi=(52) ./io/../sysdeps/unix/sysv/linux/fstatat64.c
cfn=(172) fstatat
calls=8 +69 
* 85

fl=(46) ./setjmp/../sysdeps/aarch64/setjmp.S
fn=(146) __sigsetjmp
35 4
+4 4
+1 4
+1 4
+1 4
+1 4
+3 12
+1 4
+7 4
+1 4
+1 4
+1 4
+1 4
+2 4
+1 12
+1 4
+7 4
+1 4

fl=(66) ./elf/./elf/dl-version.c
fn=(234) _dl_check_all_versions
361 3
+4 2
-2 5
cfn=(235) _dl_check_all_versions'2
calls=1 +3 
* 2607
fi=(2) ./elf/./elf/rtld.c
698 1
+4 3
fe=(66)

fn=(235)
366 1
+1 5
cfn=(236) _dl_check_map_versions
calls=1 155 
* 2601

fn=(236)
155 4
+15 1
-15 1
+15 1
fi=(4)
-90 1
fe=(66)
+92 3
+2 1
+1 1
-1 1
+3 1
+3 2
-16 1
+16 4
+4 3
-28 1
+28 2
fi=(67) ./elf/../sysdeps/generic/_itoa.h
76 1
fe=(66)
217 1
fi=(67)
76 1
fe=(66)
217 3
36 2
200 1
36 1
200 2
36 2
200 1
36 2
+1 3
-1 3
+2 12
cfi=(47) ./elf/./elf/dl-misc.c
cfn=(152) _dl_name_match_p
calls=4 +30 
* 296
* 4
208 2
+5 2
65 2
213 2
65 1
213 1
+4 10
+2 1
-2 2
+4 2
-4 1
56 1
217 1
fi=(4)
80 1
fe=(66)
-24 2
+8 3
+6 2
+16 1
+1 1
+2 2
+5 3
+14 6
+12 2
+4 1
-30 3
+16 1
+3 4
cfi=(24)
cfn=(66)
calls=1 -49 
* 46
* 1
224 1
+3 1
-3 3
+3 2
+9 3
+5 2
-43 1
cfn=(237) _dl_check_map_versions'2
calls=1 36 
* 760
366 2
+1 10
cfn=(237)
calls=2 155 
* 1336
-2 2
+2 4
-1 2
-1 2

fn=(237)
155 12
+15 3
-15 3
+15 3
fi=(4)
-90 3
fe=(66)
+92 9
+2 3
+1 3
-1 3
+3 3
+3 2
-16 1
+16 4
+4 3
-28 1
+28 2
fi=(67)
76 1
fe=(66)
217 1
fi=(67)
76 1
fe=(66)
217 3
36 2
200 1
36 1
200 2
36 2
200 1
36 4
200 1
36 1
200 2
36 2
200 1
36 2
+1 5
-1 5
+2 21
cfi=(47)
cfn=(152)
calls=7 +30 
* 483
* 7
208 4
+5 4
65 4
213 4
65 2
213 2
+4 26
+2 2
-2 4
+4 4
-4 2
56 2
217 2
fi=(4)
80 2
fe=(66)
-24 4
217 2
+2 2
-2 4
+4 4
-4 2
56 2
217 2
fi=(4)
80 2
fe=(66)
-24 4
+8 12
+6 8
+16 4
+1 4
+2 8
+5 12
+14 75
+12 42
+4 21
-30 63
232 2
-11 2
cfn=(237)
calls=2 -4 
* 861
110 4
+3 16
cfi=(24)
cfn=(66)
calls=4 -49 
* 248
* 4
224 4
+3 4
-3 12
+3 6
+9 6
+14 2
-94 2
+8 2
+86 2
356 8
250 12
+3 10
cfn=(237)
calls=2 +3 
* 657
+10 21
-7 21
+3 21
-3 63
+3 21
-3 2
+3 2
-3 6
+3 2
+8 3
fi=(21) ./elf/../include/rtld-malloc.h
44 9
fe=(66)
273 3
fi=(21)
44 6
cfi=(22) ./elf/./elf/dl-minimal-malloc.c
cfn=(50) __minimal_calloc
calls=3 +34 
* 105
fe=(66)
272 3
fi=(21)
44 3
fe=(66)
274 3
+13 3
fi=(4)
80 3
fe=(66)
287 3
-3 3
+3 6
+2 6
+3 2
+11 2
-11 6
+4 6
cfn=(237)
calls=2 +3 
* 375
* 3
cfn=(237)
calls=1 +3 
* 43
+18 2
-15 4
+2 4
-2 6
+2 6
+2 5
+2 5
-2 5
+1 5
-1 5
+3 5
-1 5
+1 5
-2 5
+1 5
+1 5
+3 10
+8 6
+5 1
-28 1
cfn=(237)
calls=1 +2 
* 46
+33 6
+3 2
+11 2
-11 8
cfn=(237)
calls=2 +6 
* 331
+20 21
-14 46
+4 21
-6 21
+7 42
+1 21
-1 21
+1 21
-1 21
+1 21
+1 21
+3 46
+10 8
+10 1
+1 5
cfn=(237)
calls=1 155 
* 197
-2 2
+2 4
-1 2
-1 2
+5 5

fl=(139) ./elf/./elf/dl-fini.c
fn=(584) _dl_fini
31 1
+20 2
-20 7
+20 4
+78 5
-81 1
+82 8
cfn=(585) _dl_fini'2
calls=1 -76 
* 1622
fi=(137) ./stdlib/./stdlib/exit.c
-16 1
cob=(3)
cfn=(581) __run_exit_handlers'2
calls=1 -24 
* 598
fe=(139)

fn=(585)
54 3
cob=(3)
cfi=(140) ./nptl/./nptl/pthread_mutex_lock.c
cfn=(586) pthread_mutex_lock@@GLIBC_2.17
calls=1 +23 
* 1619

fl=(70) ./elf/./elf/dl-reloc.c
fn=(286) _dl_protect_relro
342 4
+1 4
-1 4
+1 8
-1 8
+1 8
+3 4
-3 8
+3 8
+4 8
+7 12
-6 12
cfi=(55) ./misc/../sysdeps/unix/syscall-template.S
cfn=(180) mprotect
calls=4 120 
* 24
* 4

fn=(262) _dl_relocate_object
194 3
+10 1
-10 1
+14 1
-14 8
+16 1
+2 2
+1 1
-1 1
+1 1
+19 2
+6 2
+1 1
+1 3
cfn=(263) _dl_relocate_object'2
calls=1 +2 
* 47373
fi=(2)
2445 4
+1 2
-23 1
+23 1
cfi=(40) ./elf/./elf/dl-tls.c
cfn=(288) _dl_add_to_slotinfo
calls=1 1015 
* 28112
fe=(70)

fn=(263)
194 9
+10 3
-10 3
+14 3
-14 24
+16 3
+2 6
+1 3
-1 3
+1 3
+19 6
+6 6
+4 12
+7 12
fi=(5)
67 20
fe=(70)
288 18
fi=(4)
80 4
fe=(70)
288 56
fi=(4)
80 4
fe=(70)
288 44
fi=(5)
-32 10
fe=(70)
-51 2
fi=(6)
100 4
fe=(70)
205 6
+83 2
fi=(6)
48 2
+1 2
fe=(70)
288 2
fi=(6)
60 2
fe=(70)
288 4
fi=(6)
48 4
+1 4
fe=(70)
288 4
fi=(6)
60 4
+3 4
fi=(5)
318 2
+8 2
-8 2
+8 2
fi=(73)
37 4
cfi=(5)
cfn=(264) _dl_relocate_object
calls=1 389 
* 113
cfi=(5)
cfn=(265)
calls=1 389 
* 370
fe=(70)
288 18
+3 10
+24 6
+3 4
+17 4
-96 3
+1 9
cfn=(263)
calls=3 +2 
* 22805
fi=(4)
80 2
fi=(5)
-7 6
+1 4
+12 2
-8 2
+8 2
fi=(6)
* 4
+2 4
fi=(4)
-8 4
fi=(6)
+20 8
-12 4
-2 16
+14 8
+10 3
+3 6
fi=(5)
378 1226
fi=(6)
113 1226
fi=(5)
378 3678
fi=(6)
113 2452
+7 8
fi=(4)
-40 3
fi=(6)
+44 6
+2 6
fi=(5)
305 6
fi=(6)
128 1
+3 2
-3 1
fi=(5)
247 1
fi=(6)
130 1
-1 1
-1 1
+1 2
-1 1
+3 1
fi=(5)
249 2
+2 1
+5 3
fi=(4)
138 3
fi=(5)
256 21
fi=(4)
80 1
fi=(5)
256 13
cfi=(71)
cfn=(270)
calls=1 840 
* 38654
fe=(70)
+32 1
fi=(6)
50 1
fe=(70)
288 3
cfn=(263)
calls=1 * 
* 126
fi=(5)
+17 2
fi=(6)
175 4
+2 2
fi=(5)
+70 1
fi=(6)
-69 1
-1 3
fi=(5)
+72 2
+2 1
+5 3
fi=(4)
138 3
fi=(5)
256 16
fi=(4)
80 1
fi=(5)
256 14
cfi=(71)
cfn=(270)
calls=1 840 
* 3027
fe=(70)
+80 4
cfn=(286)
calls=2 +6 
* 58
+1 16
fi=(5)
101 2
fe=(70)
288 4
fi=(5)
101 4
fe=(70)
288 14
cfi=(5)
cfn=(264)
calls=2 -32 
* 19517
fi=(2)
2423 6
+2 2
+5 2
+2 1
+6 3
+2 2
+1 7
cfi=(70)
cfn=(263)
calls=1 194 
* 24822
+4 4
+9 1
+2 1
-2 3
+5 6
+2 5
+7 3
cfi=(40)
cfn=(290) _dl_allocate_tls_init
calls=1 528 
* 10608
+40 1
cfn=(41) dl_main'2
calls=1 +8 
* 1259
fe=(70)

fl=(82) ./elf/./elf/dl-call-libc-early-init.c
fn=(314) _dl_call_libc_early_init
29 1
-2 1
+6 2
-6 1
+6 4
-6 3
+6 3
cfi=(81) ./elf/./elf/dl-lookup-direct.c
cfn=(310) _dl_lookup_direct
calls=1 +41 
* 227
+4 1
+2 6
+1 1
+1 1
-2 1
+2 1
-1 2
cob=(3)
cfi=(83) ./elf/./elf/libc_early_init.c
cfn=(316) __libc_early_init
calls=1 -7 
* 999

fl=(22)
fn=(50)
78 8
+7 8
+1 24
-4 8
+4 8
fi=(21)
-30 32
cfi=(22)
cfn=(54) __minimal_malloc
calls=8 -21 
* 436
fe=(22)

fn=(54)
35 69
+1 23
-1 23
+1 68
+11 66
+1 22
+2 22
-3 22
+3 104
+5 10
+1 6
+3 4
-1 2
+1 12
cfi=(53) ./misc/../sysdeps/unix/sysv/linux/mmap64.c
cfn=(174) mmap
calls=2 -9 
* 20
* 2
+2 4
+2 8
+2 2
+4 2
-4 4
+3 4
+3 6
-3 40
+3 60
cfi=(21)
cfn=(224) _dl_map_object_deps
calls=1 -15 
* 508
-29 1
-1 2
+1 2
+1 1
-1 1
+1 1
-2 2
cfn=(55) __minimal_malloc'2
calls=1 +6 
* 15
fi=(21)
+3 1
fi=(20) ./elf/./elf/dl-object.c
+51 1
+5 1
-2 1
+2 1
-1 1
+5 1
-1 1
-1 1
+2 2
-2 1
+2 1
cfi=(23) ./string/../sysdeps/aarch64/multiarch/../memcpy.S
cfn=(56) memcpy
calls=1 -29 
* 20
* 1
+2 3
+13 2
+6 1
+2 1
+3 2
-3 2
+3 2
+1 3
cfn=(47) _dl_new_object'2
calls=1 +5 
* 151
fe=(22)

fn=(55)
35 3
+1 1
-1 1
+1 3
+11 3
+1 1
+2 1
-3 1
+3 2
-3 2
+1 1
+2 1
-3 1
+3 8
+18 4
+3 6

fn=(118) __minimal_free
95 9
+2 15
+7 9

fl=(69) ./elf/../sysdeps/aarch64/dl-bti.c
fn=(260) _dl_bti_check
81 3
+13 1

fl=(89)
fn=(332) _dl_fixup
46 25
+2 5
-2 5
fi=(4)
+34 5
fe=(89)
-32 15
+6 5
+1 5
-6 5
+6 5
-6 5
+6 10
-6 5
+9 5
-2 10
+2 5
-2 25
+7 10
+4 15
+4 10
+4 8
+1 8
-1 4
+1 8
+1 4
-8 8
+16 4
-1 4
+1 13
-1 1
+1 3
+10 40
cfi=(71)
cfn=(270)
calls=5 840 
* 2867
fi=(88) ./elf/../sysdeps/aarch64/dl-trampoline.S
+8 5
+3 5
+1 5
+1 5
+1 5
+1 5
+1 5
+1 5
+1 5
+1 5
+3 5
+4 5
fe=(89)

fn=(333)
159 15
fi=(5)
+60 5
fe=(89)
-56 25

fl=(21)
fn=(48) _dl_new_object
44 5
cfi=(22)
cfn=(50)
calls=1 +34 
* 244

fn=(224)
fi=(60) ./elf/./elf/dl-deps.c
224 5
-18 1
+18 1
433 1
fe=(21)
56 1
fi=(60)
439 1
+6 1
+1 1
+1 1
-1 3
cfi=(23)
cfn=(56)
calls=1 75 
* 14
+1 4
cfi=(23)
cfn=(56)
calls=1 75 
* 14
+2 1
+2 1
-1 1
+1 2
+4 6
204 1
+5 1
-5 1
+5 1
+4 1
-4 1
+4 1
+1 6
458 2
-1 6
+1 2
199 2
cfi=(64) ./elf/../include/scratch_buffer.h
cfn=(220) _dl_map_object_deps
calls=1 85 
* 424
fe=(21)

fl=(7)
fn=(12) __rtld_malloc_init_stubs
43 4
+1 1
-1 1
+1 1
+1 1
+1 1
-1 1
+1 1
-1 1
+1 1
+1 1

fn=(304) lookup_malloc_symbol
61 1
+3 2
-3 3
+3 6
-3 1
+2 1
+1 1
cfi=(71)
cfn=(270)
calls=1 840 
* 532
+28 1
-1 1
+1 4
cfn=(305) lookup_malloc_symbol'2
calls=1 -31 
* 1703

fn=(305)
61 3
+3 6
-3 9
+3 18
-3 3
+2 3
+1 3
cfi=(71)
cfn=(270)
calls=3 840 
* 1637
+29 1
-1 1
+1 4
cfn=(305)
calls=1 -32 
* 1150
+1 2
-1 1
+1 3
cfn=(305)
calls=1 -33 
* 561
+5 3
+2 1
+1 1
+1 4

fn=(300) __rtld_malloc_init_real
76 1
fi=(78) ./elf/../sysdeps/generic/dl-hash.h
-32 1
fe=(7)
+43 1
-11 3
fi=(78)
-33 1
+1 1
+1 1
fe=(7)
+41 1
fi=(78)
-43 1
fe=(7)
+43 1
-10 1
+10 1
+1 1
fi=(78)
-39 3
-3 1
+17 3
-17 3
cfn=(302) __rtld_malloc_init_real
calls=1 +3 
* 2303
fi=(2)
2501 1
cfi=(80) ./elf/../sysdeps/nptl/dl-mutex.c
cfn=(308) __rtld_mutex_init
calls=1 30 
* 538
+6 1
+1 3
-1 2
+1 3
cfi=(70)
cfn=(263)
calls=1 194 
* 6739
fe=(7)

fn=(104) strsep
242 4
+2 4
+1 2
+4 7
cfn=(105) strsep'2
calls=1 +5 
* 183
+22 1

fn=(105)
249 39
cfn=(105)
calls=13 +5 
* 1196
+7 56
-2 56
+17 1
-22 29
+18 1
+3 1
cfn=(105)
calls=1 +1 
* 1

fl=(58) ./io/../sysdeps/unix/sysv/linux/close_nocancel.c
fn=(188) __GI___close_nocancel
26 15
+1 3

fl=(45) ./elf/./elf/dl-error-skeleton.c
fn=(144) _dl_catch_exception
fi=(60)
244 4
cfi=(29) ./elf/./elf/dl-load.c
cfn=(108) _dl_dst_count
calls=1 -6 
* 44
* 2
+14 1
+2 3
+5 2
+6 1
-2 1
+4 1
-8 1
+5 1
+3 1
-2 1
+4 1
-2 1
+2 4
+4 1
-42 2
+1 2
+6 1
+4 3
-2 1
+2 1
cfi=(65) ./malloc/./malloc/scratch_buffer_set_array_size.c
cfn=(222) __libc_scratch_buffer_set_array_size
calls=1 30 
* 1275
cfi=(45)
cfn=(145) _dl_catch_exception'2
calls=1 -73 
* 316
* 281
* 1
+1 2
fe=(45)
-74 6
+5 2
-5 2
+5 2
-5 2
+5 2
-2 2
+25 2
-3 2
-1 2
+4 2
+3 4
-6 2
+6 2
cfi=(46)
cfn=(146)
calls=2 35 
* 44
* 4
+2 4
cfi=(60)
cfn=(198) openaux
calls=1 61 
* 5119
cfi=(2)
cfn=(148) map_doit
calls=1 663 
* 2294
+21 1
-1 1
+2 1
+2 1
-3 1
+1 3
+2 3

fn=(145)
175 6
+5 2
-5 2
+5 2
-5 2
+5 2
-2 2
+25 2
-3 2
-1 2
+4 2
+3 4
-6 2
+6 2
cfi=(46)
cfn=(146)
calls=2 35 
* 44
* 4
+2 4
cfi=(60)
cfn=(198)
calls=2 61 
* 494
+1 6
+1 4
+9 8

fn=(230) _dl_receive_error
238 2
+8 1
-8 2
+1 2
-1 1
+1 1
+4 1
-3 1
+4 1
+2 1
cfi=(2)
cfn=(232) version_check_doit
calls=1 696 
* 2636
fi=(2)
2043 3
+1 1
+1 2
cfn=(244) init_tls
calls=1 756 
* 76239
fe=(45)

fn=(140) _dl_catch_error
225 9
+2 2
cfn=(144)
calls=1 -52 
* 2348
* 4
fi=(2)
842 2
+8 1
+6 1
-6 2
+6 3
fe=(45)

fl=(54) ./elf/./dl-map-segments.h
fn=(176) _dl_map_object_from_fd
58 2
+1 4
-1 10
+2 4
+43 6
-42 2
cfi=(55)
cfn=(178) munmap
calls=2 +59 
* 12
* 2
+41 2
+1 6
cfn=(177) _dl_map_object_from_fd'2
calls=2 +4 
* 453

fn=(177)
107 4
-1 2
+3 2
+7 18
+3 8
cfi=(55)
cfn=(180)
calls=2 +1 
* 12
* 6
+7 2
+2 2
-2 4
-97 2
fi=(56) ./elf/./dl-load.h
+62 4
+1 8
+2 8
fe=(54)
+56 12
+8 2
-2 2
+2 2
-2 2
+1 2
+1 2
+1 2
-1 8
+8 4
+3 2
+8 16
cfi=(35) ./string/../sysdeps/aarch64/memset.S
cfn=(98) memset
calls=2 32 
* 176
+1 8
+5 4
+12 4
-59 20
+2 2
+3 2
-3 4
+2 20
cfi=(53)
cfn=(174)
calls=2 -90 
* 20
* 8
fi=(29)
1268 8
fi=(56)
95 4
+1 1
+1 2
-1 1
+1 1
-1 3
+3 4
cfi=(54)
cfn=(177)
calls=1 +51 
* 93
fe=(54)
+88 9
cfi=(53)
cfn=(174)
calls=1 50 
* 10
+3 4

fl=(9) ./elf/../elf/dl-sysdep.c
fn=(18) _dl_sysdep_start
85 1
+25 2
-25 2
+24 1
-24 1
+24 1
+1 6
-25 1
+25 1
-25 1
+25 3
-25 1
+25 1
-25 1
+25 61
+11 1
-2 1
-9 1
+3 2
+1 1
+5 1
-6 1
-3 1
+11 12
-34 1
-1 2
cfn=(19) _dl_sysdep_start'2
calls=1 +36 
* 104674
fi=(2)
509 2
+98 7
fe=(9)

fn=(19)
122 34
+9 1
+1 1
-11 38
+1 128
+34 1
+1 1
-36 27
cfn=(19)
calls=1 224 
* 104391
+1 15
+57 1
-1 1
+1 1
cfn=(19)
calls=1 -58 
* 104457
-57 14
+3 1
+1 1
cfn=(19)
calls=1 -5 
* 104597
-4 4
+6 1
+1 1
cfn=(19)
calls=1 -8 
* 104571
+21 1
+1 2
cfn=(19)
calls=1 -30 
* 104472
-16 1
-1 1
+1 1
cfn=(19)
calls=1 -14 
* 104533
+19 1
-1 1
+1 1
cfn=(19)
calls=1 -33 
* 104418
+8 1
+1 2
cfn=(19)
calls=1 -42 
* 104613
+61 1
cfi=(10) ./elf/./elf/dl-tunables.c
cfn=(20) __GI___tunables_init
calls=1 +58 
* 104390

fn=(336) _dl_sysdep_start_cleanup
263 1

fl=(55)
fn=(180)
120 30
+2 6

fn=(178)
120 25
+2 5

fl=(30) ./elf/./elf/dl-hwcaps.c
fn=(96) copy_hwcaps
77 3
+6 1
-6 1
+6 1
-6 2
+10 1
fi=(33) ./elf/./dl-hwcaps.h
-31 1
+33 1
-1 1
+2 1
cfi=(30)
cfn=(97) copy_hwcaps'2
calls=1 -10 
* 30
fe=(30)
293 6
cfn=(97)
calls=1 77 
* 526

fn=(97)
77 3
+6 1
-6 1
+6 1
-6 2
+10 1
fi=(33)
-31 1
+33 1
-1 1
+2 1
cfi=(30)
cfn=(97)
calls=1 -10 
* 37
fe=(30)
-10 4
cfi=(32) ./elf/./elf/dl-hwcaps_split.c
cfn=(87) _dl_hwcaps_split_masked'2
calls=2 -29 
* 63
296 2
+1 1
+7 2
+72 1
-48 1
+48 1
256 1
376 1
+13 1
-61 1
-72 1
+72 1
+61 1
256 1
+75 2
+13 2
+3 1
-3 1
-6 1
-82 1
+91 4
-3 2
-3 1
+3 1
cfi=(23)
cfn=(56)
calls=1 75 
* 20
* 6
cfn=(83) _dl_important_hwcaps'2
calls=1 +4 
* 418

fn=(82) _dl_important_hwcaps
fi=(29)
720 1
fi=(21)
56 2
fi=(29)
720 1
fi=(21)
56 1
cfi=(22)
cfn=(54)
calls=1 -21 
* 24
fi=(29)
725 1
+2 1
+8 2
-1 2
+1 2
fi=(21)
56 1
fi=(29)
734 2
+5 1
fi=(21)
56 2
cfi=(22)
cfn=(54)
calls=1 -21 
* 24
fi=(29)
739 1
+2 3
+7 2
+19 1
-20 1
+1 1
+13 2
+9 1
-2 1
+2 3
-7 1
-7 1
+6 1
-4 2
+1 1
+3 1
+8 1
-3 1
+1 4
cfi=(35)
cfn=(98)
calls=1 32 
* 14
+2 3
-8 1
+8 1
-7 1
+7 1
-7 1
-7 1
+3 1
+3 1
+4 3
-3 2
cfn=(81) _dl_init_paths'2
calls=1 +4 
* 873
fe=(30)
175 3
+1 1
-1 2
+30 1
-30 1
+30 1
-30 1
+30 1
-30 3
+1 1
-1 1
+1 1
-1 1
+1 2
cfi=(10)
cfn=(26) __tunable_get_val
calls=1 408 
* 24
+2 2
-2 1
+3 1
-1 1
+1 3
-1 1
+26 1
cfi=(31) ./elf/./elf/dl-hwcaps-subdirs.c
cfn=(84) _dl_hwcaps_subdirs_active
calls=1 29 
* 2
* 1
fi=(33)
88 1
-32 1
+33 1
-1 1
+2 1
cfi=(30)
cfn=(83)
calls=1 -35 
* 1031
fe=(30)

fn=(83)
55 2
cfi=(32)
cfn=(86) _dl_hwcaps_split_masked
calls=1 -4 
* 1029
* 2
cfi=(32)
cfn=(87)
calls=1 -4 
* 995
+60 2
cfi=(32)
cfn=(88) _dl_hwcaps_split
calls=1 -90 
* 10
* 2
fi=(33)
-61 2
+2 1
+33 2
-1 2
+2 1
cfi=(30)
cfn=(83)
calls=1 +38 
* 905
fe=(30)
+38 2
cfi=(32)
cfn=(87)
calls=1 -77 
* 903
231 24
fi=(34) ./elf/../sysdeps/unix/sysv/linux/aarch64/dl-procinfo.h
37 3
fe=(30)
233 1
fi=(34)
37 1
fe=(30)
233 1
-3 1
+6 1
fi=(34)
37 3
fe=(30)
233 1
+1 1
cfi=(16) ./string/../sysdeps/aarch64/multiarch/../strlen.S
cfn=(36) strlen
calls=1 56 
* 16
* 1
+1 3
-5 16
cfn=(83)
calls=7 +1 
* 5019
+10 1
-2 4
+4 1
-1 2
+4 2
+1 1
-1 1
+1 1
+3 3
+4 1
-1 2
+4 6
+1 2
+19 1
fi=(21)
56 1
fe=(30)
276 4
fi=(21)
56 1
fe=(30)
276 3
fi=(21)
56 2
cfi=(22)
cfn=(54)
calls=1 -21 
* 24
* 1
fe=(30)
283 1
+8 1
+1 3
-1 2
+1 2
cfn=(96)
calls=1 77 
* 575
+52 2
-3 1
+3 1
cfi=(23)
cfn=(56)
calls=1 75 
* 20
* 6
cfn=(83)
calls=1 +4 
* 334
+3 3
+1 8
+1 1
-2 1
+2 1
cfi=(23)
cfn=(56)
calls=1 75 
* 16
* 2
-2 1
+2 3
-2 1
+5 6
cfi=(23)
cfn=(56)
calls=2 75 
* 32
* 8
+2 2
+5 8
+1 1
-1 9
+1 7
-1 15
+5 6
+3 1
-3 6
+3 8
+1 3
-1 3
+1 15
-1 9
+1 18
+1 12
-1 12
+1 24
-2 12
+2 24
-1 24
-1 12
+4 6
+5 1
-2 2
+2 2
-1 1
-1 1
+1 1
+1 2
-1 1
+1 2
cfn=(83)
calls=1 +2 
* 55
+3 3
-3 2
+2 4
+3 2
-5 2
+6 2
+7 5
+3 1
-3 2
+3 1
-3 3
+3 3
-3 6
+3 3
+3 5
-80 2
+86 9
259 1
+1 2
+1 3
-1 2
+2 2
+10 4
cfn=(83)
calls=1 +4 
* 621
-44 2
cfn=(83)
calls=1 +44 
* 625

fl=(32)
fn=(88)
25 24
+1 12
+4 9
+4 9
+2 3
-9 6
+20 18

fn=(86)
fi=(30)
55 2
fi=(33)
-1 2
+2 1
+33 2
-1 2
+2 1
cfi=(30)
cfn=(83)
calls=1 -35 
* 997
fe=(32)
-39 5
cfn=(87)
calls=1 +3 
* 17

fn=(87)
fi=(30)
80 4
+13 8
-38 2
fi=(21)
+1 1
fi=(30)
+47 1
fi=(21)
-47 3
cfi=(22)
cfn=(54)
calls=1 -21 
* 24
fi=(30)
+47 2
+2 1
fi=(33)
-51 1
fi=(30)
+57 1
-3 1
fi=(33)
-52 1
+1 1
cfi=(30)
cfn=(83)
calls=1 +58 
* 927
fi=(30)
+71 2
+8 2
+9 5
+71 1
-1 1
+1 1
-1 1
+5 2
-4 3
+4 2
+2 1
-1 1
-1 1
+2 3
-2 4
+2 8
-1 8
-1 8
+2 24
-2 32
+5 2
+3 11
fi=(34)
37 1
fi=(30)
228 1
fi=(34)
37 1
fi=(30)
228 1
fi=(34)
37 5
fi=(30)
231 3
-1 2
cfn=(83)
calls=1 +1 
* 737
fe=(32)
51 20
cfn=(87)
calls=4 +3 
* 89
+3 10
cfn=(88)
calls=5 -29 
* 71
* 10
+8 15

fl=(49) ./io/../sysdeps/unix/sysv/linux/read_nocancel.c
fn=(160) __read_nocancel
26 10
+1 2

fl=(19) ./elf/./elf/dl-environ.c
fn=(44) _dl_next_ld_env_entry
29 3
-1 3
+4 7
cfn=(45) _dl_next_ld_env_entry'2
calls=1 +17 
* 1
* 54
+2 87
+1 27
+2 2
+3 4
+9 2

fn=(45)
49 1

fl=(24)
fn=(66)
64 199
+3 199
+1 199
+1 199
+1 199
+1 199
+1 97
+5 16
+1 16
+7 16
+1 16
+2 16
+1 16
+1 16
-13 1
+1 1
+7 1
+1 1
+2 1
+1 1
+1 1
+4 16
+1 16
+3 16
+1 16
+1 16
+2 16
+5 16
+1 16
+3 16
+1 16
+1 16
-15 57
+1 57
+1 57
+2 57
+5 57
+1 57
+3 57
+1 57
+1 57
+8 65
+1 65
+1 65
+1 65
+1 65
+1 65
+1 65
+1 65
+1 65
cfn=(67) strcmp'2
calls=65 -44 
* 1537
+5 118
+2 345
+1 345
+1 345
+1 345
+1 345
+1 319
+1 319
+3 92
+1 92
+1 92
+4 92
+1 92
+1 92
+1 92
+1 92
+1 92
+2 162
+5 81
+1 81
+4 81
+1 81
+1 81
+1 81
+1 81
+1 81
-10 21
+1 21
+4 21
+1 21
+1 21
+1 21
+1 21
+1 21
+2 81
+4 81
+1 81
+1 81
+2 35
+1 35
+1 35
+1 35
+5 35
+1 35
+1 35
cfn=(67)
calls=35 -95 
* 315
+3 26
+1 26

fn=(67)
77 71
+1 71
+7 71
+1 71
+2 71
+1 71
+1 71
-5 65
+1 65
+2 65
+1 65
+1 65
+4 65
+1 65
+3 65
+1 65
+1 65
+2 65
+5 65
+1 65
+3 65
+1 65
+1 65
-15 35
+1 35
+1 35
+2 35
+5 35
+1 35
+3 35
+1 35
+1 35

fl=(78)
fn=(302)
48 3
-3 1
+17 3
-17 3
cfn=(303) __rtld_malloc_init_real'2
calls=1 +3 
* 2293

fn=(303)
48 9
-3 3
+17 9
-17 7
cfn=(303)
calls=2 +3 
* 4556
+22 1
fi=(7)
+24 5
fe=(78)
-19 1
fi=(7)
+17 1
+2 1
cfn=(304)
calls=1 -30 
* 2256
fe=(78)

fl=(36) ./string/../sysdeps/aarch64/strchr.S
fn=(110) index
58 7
+2 7
+1 7
+1 7
+1 7
+1 7
+1 7
+1 7
+1 7
+1 7
+2 7
+1 7
+1 7
+1 7
+2 7
+1 7
+1 7
+2 2
+1 2
+3 2
+1 2
+1 2
+1 2
+4 8
+1 8
+1 8
+1 8
+1 8
+1 8
+8 5
+1 5
+1 5
+1 5
+1 5
+2 5
+3 5
+1 5
+1 5
+1 5

fl=(35)
fn=(98)
32 8
+5 8
+1 8
+2 8
+1 8
+1 5
+1 5
+1 1
+3 1
+1 1
+1 1
+1 1
+14 4
+1 4
+1 4
+1 4
+1 4
+1 4
+1 4
+14 3
+1 3
+1 3
+1 3
+1 3
+1 3
+2 3
+1 3
+1 3
+1 3
+1 3
+2 3
+1 3
-4 64
+1 64
+2 64
+1 64
+1 3
+1 3
+1 5
+7 2
+1 2

fl=(6)
fn=(10) _dl_start
fi=(5)
266 4
fe=(6)
126 3
+2 2
fi=(5)
247 1
fe=(6)
130 1
-1 2
fi=(5)
249 2
+2 1
+7 11
+3 2
+5 3
+28 3
+1 1
cfi=(6)
cfn=(11) _dl_start'2
calls=1 126 
* 105119
fe=(6)

fn=(11)
fi=(5)
266 24
fe=(6)
126 21
+2 12
fi=(5)
247 6
fe=(6)
130 6
-1 12
fi=(5)
249 12
+2 6
+7 66
+3 12
+5 18
fi=(2)
573 7
fi=(4)
80 4
fi=(2)
573 2
fe=(6)
50 2
cfi=(2)
cfn=(3) _dl_start'2
calls=1 573 
* 104885
fi=(5)
294 18
+1 6
cfi=(6)
cfn=(11)
calls=6 126 
* 629958
fe=(6)

fn=(268)
128 3
+3 6
-3 3
fi=(5)
247 3
fe=(6)
130 3
-1 3
-1 3
+1 6
-1 3
+3 3
fi=(5)
249 6
+2 3
+5 9
fi=(4)
138 6
fi=(5)
256 42
fi=(4)
80 2
fi=(5)
256 26
cfi=(71)
cfn=(271)
calls=2 840 
* 18216
fe=(6)
145 6
-19 9
fi=(5)
365 2
258 5
+3 1
-3 2
+3 2
+5 9
+83 2
+2 4
+2 4
-1 2
cfi=(6)
cfn=(269)
calls=1 145 
* 38136
fe=(6)
177 2
fi=(5)
+70 1
fe=(6)
-69 1
-1 3
fi=(5)
+72 2
+2 1
+5 3
fi=(4)
138 3
fi=(5)
256 16
fi=(4)
80 1
fi=(5)
256 14
cfi=(71)
cfn=(271)
calls=1 840 
* 2424
fe=(6)
-65 2
-16 3

fn=(269)
63 6
fi=(5)
389 1
-1 1
+3 2
fi=(70)
288 6
+3 5
+24 3
+3 2
+17 2
fi=(5)
+86 2
fe=(6)
128 104
+3 208
-3 104
fi=(5)
247 104
fe=(6)
130 104
-1 104
-1 104
+1 208
-1 104
+3 104
fi=(5)
249 208
+2 104
+5 312
fi=(4)
138 276
fi=(5)
256 1989
fi=(4)
80 89
fi=(5)
256 1157
cfi=(71)
cfn=(271)
calls=89 840 
* 1349804
fe=(6)
145 228
-19 321
fi=(70)
288 27
fe=(6)
50 3
fi=(70)
288 9
cfn=(263)
calls=3 * 
* 548
fe=(6)
146 88
fi=(5)
365 24
258 60
+3 12
-3 24
+3 24
+5 108
+83 24
+2 48
+2 48
-1 24
cfi=(6)
cfn=(269)
calls=12 145 
* 453186
-86 14
-10 48
cfn=(265)
calls=2 +2 
* 28908
cfn=(264)
calls=1 +2 
* 26777
fe=(6)
-79 8
fi=(5)
+70 4
fe=(6)
-69 4
-1 12
fi=(5)
+72 8
+2 4
+5 12
fi=(4)
138 12
fi=(5)
256 64
fi=(4)
80 4
fi=(5)
256 56
cfi=(71)
cfn=(271)
calls=4 840 
* 4950
fe=(6)
-65 10
-16 16
cfi=(70)
cfn=(263)
calls=1 288 
* 137
fi=(70)
336 2
cfn=(286)
calls=1 +6 
* 29
+1 8
fi=(5)
440 2
+2 3
+1 2
fi=(73)
38 2
+2 1
-2 2
+1 2
+1 2
cob=(3)
cfi=(75)
cfn=(284)
calls=1 -6 
* 10
* 1
fi=(5)
445 2
cfi=(6)
cfn=(269)
calls=1 63 
* 60
fe=(6)

fl=(77) ./elf/./dl-find_object.h
fn=(296) _dl_find_object_from_map
95 10
+1 15
+1 10
+6 20
+1 10
+1 15
cfn=(297) _dl_find_object_from_map'2
calls=5 * 
* 207

fn=(297)
104 81
+1 96
+2 25
+13 5

fl=(37) ./string/./string/strdup.c
fn=(112) strdup
40 12
+1 3
cfi=(16)
cfn=(36)
calls=3 +15 
* 81
fi=(38) ./string/../include/rtld-malloc.h
+15 3
fe=(37)
-15 3
fi=(38)
+15 9
cfi=(22)
cfn=(54)
calls=3 -21 
* 72
fe=(37)
-12 3
+3 6
+1 6
-1 3
cfi=(23)
cfn=(56)
calls=3 +28 
* 51

fl=(57) ./elf/./elf/get-dynamic-info.h
fn=(184) _dl_map_object_from_fd
49 48
+3 2
-1 4
+17 24
-23 48
+9 6
+1 4
cfn=(185) _dl_map_object_from_fd'2
calls=2 +13 
* 796

fn=(185)
49 12
+3 6
-1 12
+17 8
-23 16
+27 2
fi=(4)
+8 2
fe=(57)
-8 2
+10 7
+1 10
+1 10
+1 10
+2 10
+5 10
+1 7
+1 10
+3 4
+5 6
+7 4
+1 8
+22 4
+15 4
+2 3
+1 1
+9 2
+6 1
+4 4
fi=(29)
1276 8
+2 8
+10 4
+19 6
+2 10
+52 4
+1 3
+6 3
+1 3
-1 6
+1 3
-1 37
+1 51
+11 4
cfi=(58)
cfn=(188)
calls=2 26 
* 12
* 2
+13 6
+2 4
+2 2
-2 4
+2 2
+16 4
cfi=(8) ./elf/./elf/dl-setup_hash.c
cfn=(14) _dl_setup_hash
calls=2 28 
* 48
+4 2
+1 4
+17 4
+1 3
+3 3
+5 2
-5 3
+5 2
+10 6
+7 16
+10 2
+13 3
cfi=(20)
cfn=(60) _dl_add_to_namespace_list
calls=1 31 
* 51
+3 3
+23 8
+1 3
cfi=(42) ./elf/./elf/dl-audit.c
cfn=(190) _dl_audit_objopen
calls=1 76 
* 13
* 1
cfn=(165) _dl_map_object_from_fd'2
calls=1 +4 
* 9
fe=(57)
54 18
+1 12
cfn=(185)
calls=6 +13 
* 2548
fi=(29)
1506 2
-44 4
fi=(4)
80 1
fi=(29)
1463 2
+1 1
-1 2
+1 1
-1 4
cfi=(24)
cfn=(66)
calls=1 64 
* 74
* 1
+2 7
cfn=(165)
calls=1 +6 
* 118
1275 2
cfi=(57)
cfn=(185)
calls=1 169 
* 362
fe=(57)

fl=(10)
fn=(20)
282 3
-9 1
+9 2
-9 1
+9 3
-9 6
71 3
+6 1
-3 1
+3 53
+4 1
+5 1
fi=(11) ./elf/./elf/dl-tunables.h
+54 1
fe=(10)
-54 1
fi=(11)
+54 1
fe=(10)
-63 1
+9 1
fi=(11)
+54 2
cfn=(22) __GI___tunables_init
calls=1 +1 
* 11216
fi=(9)
+87 1
cfi=(12) ./elf/./elf/dl-sort-maps.c
cfn=(24) _dl_sort_maps_init
calls=1 +54 
* 36
fi=(13) ./elf/../sysdeps/unix/sysv/linux/dl-sysdep.c
36 2
cfi=(14) ./elf/../sysdeps/unix/sysv/linux/brk.c
cfn=(30) brk
calls=1 -1 
* 9
fi=(5)
200 5
fi=(15) ./elf/../sysdeps/unix/sysv/linux/aarch64/cpu-features.c
71 4
cfi=(10)
cfn=(26)
calls=1 408 
* 23
* 1
+1 1
+8 4
+6 2
+4 1
+2 1
+4 1
+26 1
-26 1
+4 1
fi=(9)
238 1
fi=(15)
122 1
-26 2
fi=(9)
238 1
+1 1
cfi=(16)
cfn=(36)
calls=1 56 
* 16
* 1
+2 2
cfi=(17) ./elf/../misc/sbrk.c
cfn=(38) sbrk
calls=1 37 
* 15
* 4
+12 3
+3 6
cfi=(2)
cfn=(40) dl_main
calls=1 1320 
* 92944
fe=(10)

fn=(21) __GI___tunables_init'2
71 87
+6 28
-3 28
+3 1766
+4 28
+5 28
fi=(11)
+54 28
fe=(10)
-54 28
fi=(11)
+54 28
fe=(10)
-63 28
+9 28
fi=(11)
+54 56
cfn=(23) __GI___tunables_init'2
calls=28 +1 
* 156945
fe=(10)
305 3248
+6 4292
fi=(11)
140 261
+1 783
-1 19
+1 57
-1 57
fe=(10)
357 7
74 58
cfn=(21)
calls=29 -3 
* 159113

fn=(26)
408 209
+9 10
+17 50
+2 5
-9 32
+1 16
cfn=(27) __tunable_get_val'2
calls=16 +6 
* 176

fn=(27)
434 160
+2 16

fl=(62) ./elf/./elf/dl-cache.c
fn=(340) _dl_unload_cache
537 3
+1 6
+2 2
cfi=(55)
cfn=(178)
calls=1 120 
* 6
+5 1
-4 1
+6 3

fn=(206) _dl_load_cache_lookup
fi=(29)
2193 1
+2 1
+4 1
+8 3
+23 7
cfn=(156) open_verify.constprop.0
calls=1 1568 
* 2042
fe=(62)
416 3
+2 1
-2 1
+2 1
-2 2
+2 1
+3 4
+3 5
cfi=(47)
cfn=(208) _dl_sysdep_read_whole_file
calls=1 36 
* 1055

fn=(207) _dl_load_cache_lookup'2
495 2
+3 1
-3 2
+3 5
cfn=(212) search_cache
calls=1 206 
* 927

fn=(212)
206 1
+6 1
-6 5
+6 1
-6 3
+6 1
-6 4
+6 3
cfi=(10)
cfn=(26)
calls=1 408 
* 24
+6 2
+10 1
-16 1
+6 1
+10 1
+3 1
-10 2
cfn=(213) search_cache'2
calls=1 +9 
* 711
498 1
+15 2
+4 1
+8 2
cfi=(16)
cfn=(36)
calls=1 56 
* 30
* 12
+1 4
cfi=(23)
cfn=(56)
calls=1 75 
* 18
+1 1
cfi=(37)
cfn=(112)
calls=1 40 
* 88
+1 5

fn=(213)
362 1
228 2
+2 6
+9 6
-9 6
+1 18
-47 6
+51 12
+4 12
cfn=(214) _dl_cache_libcmp
calls=6 371 
* 466
+1 12
359 5
+1 4
228 8
+22 1
-20 1
+18 3
+2 2
+5 2
-71 1
+69 2
+2 2
cfn=(214)
calls=1 371 
* 75
* 1
-7 1
-78 2
+49 1
-49 1
-50 3
+99 1
-99 1
fi=(63) ./elf/../sysdeps/generic/dl-cache.h
317 1
fe=(62)
-99 1
fi=(63)
+99 1
fe=(62)
-99 1
fi=(63)
+99 1
fe=(62)
-99 3
cfn=(213)
calls=1 +49 
* 39
+49 2
+10 3
+1 3
+7 2
fi=(63)
125 1
fe=(62)
303 2
fi=(63)
125 2
fe=(62)
303 2
+3 3
+2 4
+1 3
+13 3
+21 1
+23 8

fn=(214)
371 14
+4 35
-2 70
+2 70
-2 70
+20 68
+2 68
-24 28
+28 28
+1 28
-29 28
+4 2
+8 1
-1 1
-1 1
+2 4
+2 4
-3 1
+3 1
+2 2
cfn=(215) _dl_cache_libcmp'2
calls=1 -16 
* 5
+9 6
+8 6

fn=(215)
371 2
+32 2
+1 1

fl=(47)
fn=(152)
68 100
+1 40
cfi=(24)
cfn=(66)
calls=20 -5 
* 376
* 20
+3 20
+2 20
+6 42
-6 21
+1 78
cfi=(24)
cfn=(66)
calls=26 -11 
* 759
* 26
-5 5
+13 15
-1 15
+1 45

fn=(208)
36 4
+3 1
-3 2
+3 1
cfi=(48) ./io/../sysdeps/unix/sysv/linux/open64_nocancel.c
cfn=(158) __open_nocancel
calls=1 -11 
* 17
+1 1
+2 3
cfi=(51) ./io/../sysdeps/unix/sysv/linux/fstat64.c
cfn=(170) fstat
calls=1 -13 
* 14
* 1
+2 2
+3 1
+2 6
cfi=(53)
cfn=(174)
calls=1 +1 
* 10
* 2
cfn=(209) _dl_sysdep_read_whole_file'2
calls=1 +11 
* 13
fi=(62)
424 1
+8 5
+1 19
+3 3
+1 1
-1 3
fi=(63)
194 1
+1 4
fi=(62)
444 1
+1 2
cfn=(207)
calls=1 +50 
* 937
fe=(47)

fn=(209)
60 2
cfi=(58)
cfn=(188)
calls=1 -34 
* 6
+3 5

fl=(52)
fn=(172)
98 44
+70 26
+1 4
-2 14
+1 7
-1 7
+2 7

fl=(31)
fn=(84)
29 2

fl=(43) ./string/./string/strcspn.c
fn=(134) strcspn
fi=(2)
916 2
+1 4
cfn=(136) do_preload
calls=1 -88 
* 2409
-15 1
+1 3
+2 1
+7 1
-7 3
cfi=(23)
cfn=(56)
calls=1 75 
* 18
+1 1
191 1
913 1
+1 2
191 1
fe=(43)
32 4
+1 2
+1 2
+5 2
+1 1
+1 1
+1 1
+5 1
-8 1
+1 1
+1 1
+1 1
-3 1
+1 1
+1 1
+1 1
+2 1
cfn=(135) strcspn'2
calls=1 +3 
* 211

fn=(135)
47 8
+1 2
-1 3
+1 1
+3 4
+1 4
+1 4
+1 4
+2 2
+6 1
+2 1
+1 1
-2 1
-1 1
+2 1
+3 7
-5 12
+2 12
+1 12
-2 12
-1 12
+2 12
+3 84
+2 1
+1 6
+1 3

fl=(60)
fn=(194) _dl_map_object_deps
159 1
+1 2
-1 4
+1 1
-1 1
+1 1
-1 1
+1 2
-1 1
+1 1
-1 3
+1 8
-16 1
+2 1
+6 1
-6 1
+6 3
+24 2
-30 2
-2 1
+33 1
-1 1
-30 2
+30 1
-24 3
+24 2
+28 1
-60 2
+2 2
+52 1
+2 1
fi=(64)
77 2
fe=(60)
198 1
303 1
198 1
303 1
200 1
fi=(64)
77 1
fe=(60)
209 1
-9 1
fi=(64)
78 2
fe=(60)
180 1
+33 1
-33 1
+29 2
+4 1
+11 2
-10 4
fi=(4)
80 1
fe=(60)
226 3
+11 1
-5 1
+1 2
+1 2
+3 1
-6 1
+6 2
+58 3
-58 1
-31 1
+32 2
+6 4
cfi=(29)
cfn=(108)
calls=1 -6 
* 44
* 3
+4 3
-2 1
+2 1
cfi=(45)
cfn=(144)
calls=1 -73 
* 7117
* 4
fi=(2)
1976 2
+1 4
-1 2
+1 3
-1 1
+1 3
-1 6
+1 9
-1 3
+4 6
+1 2
+1 1
+2 2
+1 5
cfn=(41)
calls=1 * 
* 78955
fe=(60)

fn=(195) _dl_map_object_deps'2
224 7
-18 1
+18 1
433 1
fi=(21)
56 1
fe=(60)
435 2
fi=(21)
56 1
fe=(60)
438 2
fi=(21)
56 2
cfi=(22)
cfn=(54)
calls=1 -21 
* 24
* 1
fe=(60)
439 1
+6 1
+1 1
+1 1
-1 3
cfi=(23)
cfn=(56)
calls=1 75 
* 15
+1 4
cfi=(23)
cfn=(56)
calls=1 75 
* 15
+2 1
+2 1
-1 1
+1 2
+4 3
204 1
+5 1
-5 1
+5 1
+4 1
-4 1
+4 1
+1 6
fi=(64)
-83 4
cfi=(65)
cfn=(223) __libc_scratch_buffer_set_array_size'2
calls=1 30 
* 16
fe=(60)
+86 4
+4 4
cfn=(195)
calls=2 +3 
* 2377
458 2
-1 3
+1 1
fi=(4)
80 1
fe=(60)
226 3
+11 1
-5 1
+1 2
+1 2
+3 1
-6 1
+6 2
+58 3
-58 1
-31 1
+32 2
+6 4
cfi=(29)
cfn=(108)
calls=1 -6 
* 50
* 3
+4 3
-2 1
+2 1
cfi=(22)
cfn=(54)
calls=1 35 
* 532
cfi=(45)
cfn=(145)
calls=1 -73 
* 282
* 223
468 3
+11 1
fi=(21)
56 2
fe=(60)
479 2
fi=(21)
56 2
cfi=(22)
cfn=(55)
calls=1 -21 
* 24
* 1
fe=(60)
481 1
+5 1
+4 1
-2 1
-1 1
-1 3
+4 1
+4 12
+5 4
+2 4
-2 4
+2 4
+5 12
-16 8
+19 3
+52 2
+37 2
+15 2
-11 1
-3 1
+20 3
-1 3
+1 4
-1 4
cfi=(12)
cfn=(226) _dl_sort_maps
calls=1 290 
* 257
+5 1
+1 1
+2 1
-1 1
+1 2
+1 1
+7 2
+3 1
+3 9
-27 2
cfi=(23)
cfn=(56)
calls=1 75 
* 14
* 1
cfn=(195)
calls=1 +6 
* 290

fn=(198)
61 15
+3 6
+1 3
-1 6
+2 1
-2 4
cfi=(29)
cfn=(150) _dl_map_object
calls=1 2022 
* 211
* 6
cfi=(29)
cfn=(150)
calls=2 2022 
* 5344
* 2
+5 6
fi=(45)
209 3
+1 2
+9 4
fe=(60)

fl=(64)
fn=(220)
85 4
fi=(60)
464 6
+1 4
cfn=(195)
calls=1 +3 
* 410
fe=(64)

fl=(1) ???
fn=(364) init_have_lse_atomics
0 4
cfi=(92) ./misc/./misc/getauxval.c
cfn=(366) getauxval
calls=1 56 
0 16
0 5

fn=(0) 0x0000000000017c40
0 3
cfi=(2)
cfn=(2) _dl_start
calls=1 527 
0 117736

fl=(23)
fn=(56)
75 42
+5 42
+1 42
+1 42
+1 42
+1 42
+1 42
+3 35
+1 35
+1 8
+1 8
+1 8
+1 8
+1 8
+4 27
+1 19
+1 19
+1 19
+1 19
+1 19
+5 8
+1 4
+1 4
+1 4
+1 4
+1 4
+4 4
+1 3
+1 3
+1 3
+1 3
+1 3
+1 3
+1 3
+2 4
+5 7
+1 7
+1 7
+1 7
+1 7
+1 7
+1 7
+1 7
+1 7
+1 7
+1 7

fl=(27) ./elf/../sysdeps/unix/sysv/linux/dl-vdso-setup.h
fn=(74) dl_main
45 3
fi=(2)
1723 1
cfi=(13)
cfn=(76) _dl_discover_osversion
calls=1 48 
* 83
* 10
+8 1
fi=(146) ./elf/./dl-main.h
109 1
fi=(2)
1731 1
fi=(146)
109 4
cfi=(29)
cfn=(80) _dl_init_paths
calls=1 706 
* 91351
fe=(27)

fl=(12)
fn=(226)
290 2
+8 2
-8 8
+8 2
-8 12
+8 2
+4 16
-79 2
-37 2
+1 8
+1 2
-1 2
+1 6
-1 2
+1 6
-1 6
+1 18
-1 6
+36 22
+8 2
-8 2
+8 2
-3 2
+3 8
-86 2
+85 2
-2 2
+3 2
cfn=(227) _dl_sort_maps'2
calls=2 +4 
* 402

fn=(227)
233 12
+2 8
-90 48
cfn=(228) dfs_traversal.part.0
calls=8 -5 
* 266
+93 24
+18 4
+20 8
cfi=(23)
cfn=(56)
calls=2 75 
* 28
* 4

fn=(228)
140 56
+8 8
+2 8
-2 16
+2 8
+2 20
-7 35
+7 35
+9 8
+15 24
+2 8
-1 8
+1 24
-17 8

fn=(24)
281 1
+1 2
-1 1
+1 2
cfi=(10)
cfn=(26)
calls=1 408 
* 23
* 1
+1 1
+1 2
-1 1
+2 2

fl=(92)
fn=(366)
56 2
+3 2
cfn=(368) __getauxval2
calls=1 -29 
* 7
* 2
+1 1
+4 2

fn=(368)
30 2
+2 1
+1 1
-1 2
+19 1

fl=(51)
fn=(170)
29 3
+1 3
+5 12
cfi=(52)
cfn=(172)
calls=3 +63 
* 24

fl=(13)
fn=(76)
48 3
-2 1
+42 1
-42 2
+42 1
cfi=(28) ./posix/../sysdeps/unix/syscall-template.S
cfn=(78) uname
calls=1 +32 
* 6
+15 1
-15 1
+20 1
-1 1
+3 15
+4 3
-2 3
+2 14
+2 1
+1 1
-3 4
+6 3
+2 3
+2 13
+5 2
+4 3

fl=(76) ./elf/./elf/dl-find_object.c
fn=(294) _dlfo_process_initial
474 1
+1 1
+2 1
-3 1
+1 1
+3 3
+26 6
+17 2
-16 2
+1 1
-1 1
+3 7
+3 4
+2 2
+4 2
cfn=(295) _dlfo_process_initial'2
calls=1 -11 
* 42
-36 4
cfi=(77)
cfn=(296)
calls=1 95 
* 61
+5 2
-1 1
+1 1
+1 29
+1 27
+2 2
+3 2
+6 2
-6 2
-3 2
+89 1
fi=(21)
56 1
fe=(76)
580 1
fi=(21)
56 2
cfi=(22)
cfn=(54)
calls=1 -21 
* 24
fe=(76)
580 1
fi=(21)
56 1
fe=(76)
582 1
+3 1
+5 1
+1 1
cfn=(295)
calls=1 474 
* 570

fn=(295)
474 1
+1 1
+2 1
-3 1
+1 1
+3 3
+26 6
+17 2
-16 2
+1 7
-1 7
+3 27
+3 20
-7 10
+25 2
+2 2
-2 2
+2 4
-18 10
+2 9
cfi=(77)
cfn=(296)
calls=3 95 
* 165
+2 10
cfn=(295)
calls=5 -11 
* 294
-36 4
cfi=(77)
cfn=(296)
calls=1 95 
* 61
+5 2
-1 1
+1 1
+1 29
+1 27
+2 2
+3 2
+6 2
-6 2
-3 2
+3 2
+2 2
-2 2
+2 6
+2 8
cfn=(295)
calls=2 -10 
* 573
+97 2
+2 2
cfn=(298) _dlfo_sort_mappings
calls=1 -59 
* 150
+3 5
+2 1
cfn=(293) _dl_find_object_init'2
calls=1 +3 
* 4

fn=(298)
537 2
-1 1
+4 5
+4 1
+1 1
-1 1
+1 2
-1 3
+1 3
-1 3
+1 10
+1 16
-1 4
+1 4
-1 8
+1 24
-1 6
+1 6
-1 12
+8 4
+1 4
-1 4
+1 4
+1 4
-15 4
+13 4
-13 8
+17 2

fn=(292) _dl_find_object_init
561 1
+3 1
-3 1
+3 1
-3 1
+6 1
-6 1
+5 2
+7 2
+1 1
+6 1
fi=(21)
56 1
fe=(76)
579 1
cfn=(294)
calls=1 474 
* 817
fi=(2)
2498 2
cfi=(7)
cfn=(300)
calls=1 76 
* 9615
fe=(76)

fn=(293)
604 4

fl=(18) ./elf/../sysdeps/nptl/dl-tls_init_tp.c
fn=(62) rtld_mutex_dummy
44 14

fn=(42) __tls_pre_init_tp
61 1
+1 1
-6 1
+5 1
-5 1
+5 2
-5 1
+6 1
-5 1
-1 1
+1 1
+1 1
-1 1
+1 1
-1 2
+1 2
+6 1

fn=(256) __tls_init_tp
68 1
fi=(147) ./elf/../include/list.h
-25 2
fe=(18)
+25 2
+1 1
fi=(147)
-26 2
+1 3
fe=(18)
+28 1
fi=(147)
-27 1
fe=(18)
+27 1
fi=(147)
-26 1
fe=(18)
+29 2
fi=(147)
-28 1
fe=(18)
+28 1
+7 1
+5 1
-12 1
+1 1
+6 1
-5 1
+13 1
+3 3
-18 1
+14 1
+1 1
-14 1
+6 1
-5 1
+16 1
+13 4
cfi=(10)
cfn=(26)
calls=1 408 
* 23
* 1
fi=(68) ./elf/../sysdeps/unix/sysv/linux/rseq-internal.h
-74 1
+2 7
+3 2
+3 2
fe=(18)
+83 1
+7 1
-7 2
+7 1
-7 1
+7 1
+2 1
+1 1
+1 3

fl=(3) ./elf/./get-dynamic-info.h
fn=(4) _dl_start
49 36
+3 1
-1 2
+17 12
-23 24
+9 3
+1 2
cfn=(5) _dl_start'2
calls=1 +13 
* 106466

fn=(5)
49 9
+3 3
-1 6
+17 4
-23 8
fi=(4)
+35 3
fe=(3)
-8 2
+10 5
+1 6
+1 6
+1 6
+2 6
+5 6
+1 6
+1 6
+3 3
+5 3
+7 3
+1 4
+8 3
+1 2
+5 2
+3 3
fi=(2)
573 2
fi=(5)
67 1
fi=(2)
573 2
fi=(5)
67 1
fi=(2)
573 25
fe=(3)
54 9
+1 6
cfn=(5)
calls=3 +13 
* 319314
fi=(2)
573 2
cfi=(5)
cfn=(8) _dl_start
calls=1 326 
* 106313
fe=(3)

fn=(68) dl_main
49 28
+3 1
-1 2
+17 14
-23 28
+9 3
+1 2
cfn=(69) dl_main'2
calls=1 +13 
* 91632

fn=(69)
49 8
+3 4
-1 8
+17 5
-23 10
+27 2
fi=(4)
+8 1
fe=(3)
-8 1
+10 2
+1 5
+1 5
+1 5
+2 5
+5 5
+1 5
+1 5
+3 2
+5 3
+7 2
+1 4
+22 2
+5 2
+2 1
+2 1
+2 1
+1 1
+3 2
+2 3
+1 1
+9 3
+6 1
+1 2
+3 2
fi=(2)
1688 2
+7 2
cfi=(8)
cfn=(14)
calls=1 28 
* 24
+3 3
fi=(25) ./elf/./setup-vdso.h
24 4
fe=(3)
+30 12
+1 8
cfn=(69)
calls=4 +13 
* 366398
fi=(26) ./elf/../sysdeps/unix/sysv/linux/dl-vdso.h
-15 3
+1 1
fi=(27)
-11 4
+3 3
fi=(26)
+22 2
cfi=(27)
cfn=(74)
calls=1 -10 
* 91455
fe=(3)

fl=(2)
fn=(40)
fi=(9)
258 8
fe=(2)
1320 5
307 1
1320 1
2683 1
1320 3
307 2
1320 3
206 1
+1 1
308 1
+1 1
+1 1
+1 1
1332 1
cfi=(18)
cfn=(42)
calls=1 61 
* 20
2677 1
+6 1
-6 2
+6 6
2811 1
2683 1
2818 1
+11 1
-46 1
-8 1
+36 1
+7 1
+11 1
-46 1
-8 1
+36 1
+7 1
+11 1
-46 1
-8 2
-96 1
2811 1
+7 1
+11 1
-46 1
-8 1
-92 1
+2 3
cfi=(19)
cfn=(44)
calls=1 29 
* 45
* 1
+4 1
-2 1
+2 3
+1 12
-1 48
+3 2
+6 8
+76 2
+1 8
+2 1
+1 2
-1 1
+1 1
+1 1
cfn=(41)
calls=1 -94 
* 92719

fn=(41)
2685 4
cfi=(19)
cfn=(44)
calls=2 29 
* 145
* 2
+4 1
-2 1
+2 3
+1 7
-1 28
+3 2
+6 5
2845 3
+32 5
1348 1
+1 3
-1 1
+1 1
-1 2
+1 2
1627 9
cfi=(20)
cfn=(46) _dl_new_object
calls=1 59 
* 92475
1170 18
+20 1
+27 1
-27 1
+2 1
+7 1
-9 1
-1 1
+10 1
-30 24
+1 45
1275 2
1169 1
1276 2
1169 2
1282 3
cfn=(41)
calls=1 * 
* 91916
-1 18
+1 27
+12 1
+3 1
+2 1
-5 1
+3 1
+2 1
+2 4
1662 4
fi=(4)
80 1
fe=(2)
1664 1
-1 1
+1 1
-1 1
+2 1
-1 2
+1 2
-2 2
cfi=(24)
cfn=(66)
calls=1 64 
* 39
* 1
+5 1
+3 1
-3 1
+2 1
-2 1
+5 1
-2 1
+2 1
+1 1
+4 4
+2 1
fi=(3)
39 2
+6 1
-2 1
+2 1
+7 1
+7 1
+3 1
+2 1
-3 1
-6 1
-2 1
-1 1
+2 1
+5 1
+3 1
+2 1
-3 1
-3 1
-3 1
-2 1
-4 18
+3 1
-1 2
+17 8
-23 16
fe=(2)
1742 1
+9 1
-9 1
+9 1
-9 1
+1 2
-1 1
+4 1
-4 2
+3 1
+1 1
+5 1
-8 1
+2 2
+1 1
-2 1
+7 2
+1 3
+12 5
+1 3
+5 2
-1 1
+7 1
-9 1
+2 2
+5 1
-7 1
+9 1
-7 1
+6 1
-5 2
+5 1
+1 6
+2 3
+1 1
-1 1
+1 1
+5 4
+4 6
cfn=(122) audit_list_add_dynamic_tag
calls=1 232 
* 11
+1 5
cfn=(122)
calls=1 232 
* 11
+4 3
+5 2
1170 6
+56 2
-1 2
+1 2
+1 2
-2 2
+2 4
+1 1
+2 4
+1 6
+4 2
+1 2
-1 4
+1 4
+1 2
+1 7
+1 1
+4 2
+3 1
cfn=(41)
calls=1 -77 
* 92035
-3 2
+3 1
cfn=(41)
calls=1 -77 
* 91995
-76 2
+10 3
-1 1
+1 1
-1 1
+1 2
-1 2
+2 1
cfn=(41)
calls=1 -12 
* 91975
+90 2
+1 1
cfn=(41)
calls=1 1169 
* 91937
-98 3
+1 1
cfn=(41)
calls=1 -6 
* 92096
fi=(3)
54 3
fe=(2)
2719 5
+7 4
fi=(3)
56 4
+3 3
fe=(2)
1822 1
cfi=(40)
cfn=(124) _dl_count_modids
calls=1 199 
* 7
* 1
fi=(41) ./elf/../sysdeps/generic/dl-debug.h
29 2
+1 2
fe=(2)
1828 3
+1 1
cfi=(39) ./elf/./elf/dl-debug.c
cfn=(128) _dl_debug_state
calls=1 117 
* 1
+1 1
+4 3
cfi=(42)
cfn=(130) _dl_audit_activity_map
calls=1 28 
* 16
+5 3
+4 1
-2 1
+2 1
+9 2
+16 5
cfi=(59) ./io/../sysdeps/unix/sysv/linux/access.c
cfn=(192) access
calls=1 25 
* 12
* 1
+76 3
+16 4
+10 8
cfi=(60)
cfn=(194)
calls=1 159 
* 86281
+14 6
+1 12
+12 5
+1 1
+2 1
+2 3
+2 1
-4 1
+4 1
-4 1
+4 1
-4 1
+5 1
-1 1
+14 2
+2 1
-1 3
+1 3
+11 1
+2 1
-2 1
+1 2
+1 5
-2 1
+1 1
+1 1
cfi=(45)
cfn=(230)
calls=1 238 
* 78894
+14 1
862 1
+4 1
+9 1
-13 1
+4 1
+9 2
+5 1
fi=(148) ./elf/../sysdeps/unix/sysv/linux/dl-osinfo.h
64 1
fe=(2)
866 1
2052 2
2282 2
1797 2
cfn=(41)
calls=1 +25 
* 89093
2351 2
-13 1
+4 3
-4 2
+4 2
-4 1
+10 2
+3 1
+8 1
fi=(149) ./elf/../sysdeps/aarch64/dl-prop.h
30 3
cfi=(69)
cfn=(260)
calls=1 +51 
* 4
fe=(2)
2415 2
+25 1
-18 1
+18 1
+5 1
-30 2
+3 1
+16 1
-19 3
+3 2
+5 4
+2 4
+5 4
+2 2
+6 6
+2 4
+1 7
cfi=(70)
cfn=(262)
calls=1 194 
* 75521
+4 2
+71 5
cfi=(82)
cfn=(314)
calls=1 29 
* 1254
-82 1
+1 1
-3 1
1232 3
cfn=(41)
calls=1 +3 
* 92007
1995 3
cfn=(41)
calls=1 +36 
* 78907
fi=(3)
62 3
+2 2
cfn=(68)
calls=1 +4 
* 91710
fe=(2)
2726 7
+2 2
+1 1
cfn=(41)
calls=1 -44 
* 92511
1847 4
cfn=(132) handle_preload_list
calls=1 894 
* 89045
1948 13
+1 1
+3 3
+1 1
+1 1
-6 1
+7 2

fn=(122)
232 2
fi=(4)
80 2
fe=(2)
232 4
+1 2
-1 4
+1 4
+1 2
-10 2

fn=(148)
fi=(45)
209 3
+1 2
+9 4
fe=(2)
663 1
+2 1
+1 1
-3 1
+2 1
+1 1
-3 2
+3 1
-1 1
+1 2
cfi=(29)
cfn=(150)
calls=1 2022 
* 2273

fn=(2)
0 13
fi=(1)
cfi=(90) ./elf/./elf/dl-init.c
cfn=(346) _dl_init
calls=1 77 
0 11092
527 1
+29 2
-29 2
+26 2
-26 1
fi=(5)
48 1
fe=(2)
527 3
fi=(5)
48 1
fi=(3)
-3 1
fe=(2)
553 1
+4 1
-30 1
+30 1
-1 1
+1 1
fi=(3)
45 1
+23 1
-16 1
+7 1
+3 1
+2 1
-3 1
-6 1
-2 1
+15 1
-16 1
+2 1
+5 1
+3 1
+2 1
-3 1
-3 1
-3 1
-2 2
-4 15
+3 1
-1 2
+17 4
-23 8
+9 3
+2 4
+3 3
+3 3
+2 2
cfn=(4)
calls=1 +4 
* 106546
fe=(2)

fn=(3)
573 1
fi=(6)
86 2
-37 1
fe=(2)
573 1
fi=(6)
86 1
+2 1
-2 1
+2 1
-2 1
+27 2
+5 2
fi=(5)
351 3
fi=(6)
126 3
cfi=(2)
cfn=(3)
calls=1 573 
* 104865
fe=(2)
573 6
+2 1
+17 1
488 1
+87 3
+13 1
cfi=(7)
cfn=(12)
calls=1 43 
* 14
+4 3
488 1
+1 1
592 1
488 1
cfi=(8)
cfn=(14)
calls=1 28 
* 24
+1 1
+18 1
-17 1
+1 1
-1 1
+1 1
+1 2
+9 1
-11 1
+11 1
+6 2
-16 1
+1 1
+15 1
cfi=(9)
cfn=(18)
calls=1 85 
* 104791

fn=(244)
756 3
+2 2
-2 2
+6 1
-4 2
+4 1
fi=(21)
44 1
fe=(2)
773 1
fi=(21)
44 1
fe=(2)
768 1
fi=(21)
44 3
cfi=(22)
cfn=(50)
calls=1 +34 
* 35
fe=(2)
777 1
-6 1
+12 1
-5 1
+1 1
+4 1
+2 2
-1 2
+3 8
+4 3
-5 1
-1 1
+1 3
-1 3
+10 5
+3 2
cfi=(40)
cfn=(248) _dl_tls_static_surplus_init
calls=1 97 
* 85
+3 1
cfi=(40)
cfn=(250) _dl_determine_tlsoffset
calls=1 227 
* 453
2045 2
cfn=(41)
calls=1 +2 
* 75609

fn=(136)
829 2
+8 1
-8 2
+10 2
-10 1
+12 5
-12 2
+10 1
+2 1
-6 1
+1 1
+1 1
+4 1
cfi=(45)
cfn=(140)
calls=1 225 
* 2372
* 4
+76 1
-18 2
+21 9

fn=(132)
894 7
+5 2
+6 1
-10 4
+7 1
191 5
cfn=(133) handle_preload_list'2
calls=1 902 
* 2685
1847 2
cfn=(41)
calls=1 +5 
* 86338

fn=(133)
902 3
cfi=(43)
cfn=(134)
calls=1 32 
* 2682

fn=(232)
fi=(45)
248 1
+1 1
+1 4
fe=(2)
696 1
+2 2
-2 3
+2 3
cfi=(66)
cfn=(234)
calls=1 361 
* 2621

fl=(48)
fn=(158)
28 44
+3 66
+8 55
+2 6
-2 32
+2 16

fl=(8)
fn=(14)
28 8
fi=(4)
+52 4
fe=(8)
-49 8
+1 8
+2 4
+2 12
+8 4
-7 4
+8 4
-7 4
+3 4
-3 4
+3 4
-3 4
+7 4
-5 4
+3 4
+2 4
+5 4

fl=(90)
fn=(348) call_init
27 5
+4 1
-4 3
+4 2
+2 2
+9 1
-3 2
+3 2
+5 3
+8 2
+1 7
cob=(2) ???
cfi=(44) ???
cfn=(350) 0x00000000048404f8
calls=1 -56 
* 10
+3 1
+1 1
+6 1
+2 1
-2 1
+2 2
-2 1
+2 1
+1 6
cfn=(349) call_init'2
calls=1 +1 
* 24
+16 2
cfn=(347) _dl_init'2
calls=1 +5 
* 960

fn=(349)
27 20
+4 4
-4 12
+4 8
+2 8
+9 3
-3 6
+3 6
+5 6
+8 4
+4 2
+1 2
+6 2
+2 2
-2 2
+2 4
-2 2
+2 2
+1 12
cfn=(349)
calls=2 +1 
* 793
* 2
+1 10
cob=(3)
cfi=(97) ???
cfn=(378) init_have_lse_atomics
calls=1 -70 
* 618
cob=(3)
cfi=(96) ./libio/./libio/vtables.c
cfn=(376) check_stdfiles_vtables
calls=1 +14 
* 18
* 15
cob=(3)
cfi=(93) ./csu/./csu/init-first.c
cfn=(370) _init_first
calls=1 -24 
* 96
cfi=(1)
cfn=(364)
calls=1 -70 
* 25
cob=(4) /usr/libexec/valgrind/vgpreload_core-arm64-linux.so
cfi=(91) ???
cfn=(358) 0x0000000000000650
calls=1 -70 
* 11
-1 14
+3 16
-29 2
+74 15
-1 3
+1 3
cfn=(349)
calls=3 -90 
* 901
-1 8
+7 6

fn=(346)
77 3
+5 2
-5 3
+5 1
-5 2
+2 1
-2 2
+1 1
+4 1
+2 1
cfn=(348)
calls=1 -57 
* 1041
-84 4
fi=(1)
cob=(5) /home/ubuntu/comp/bin/driver
cfi=(99) ???
cfn=(386) (below main)
calls=1 0 
0 10030
fe=(90)

fn=(347)
90 3
+25 1
+1 4
+1 5
-1 1
+1 1
cfn=(349)
calls=1 -90 
* 945

fl=(28)
fn=(78)
120 5
+2 1

fl=(40)
fn=(248)
97 1
+4 1
-4 2
+4 2
-4 2
+4 2
cfi=(10)
cfn=(26)
calls=1 408 
* 24
* 1
+1 4
cfi=(10)
cfn=(26)
calls=1 408 
* 24
* 3
+8 1
-8 1
+8 2
+3 1
+4 1
-34 1
+32 1
-32 1
+32 1
-32 1
+35 1
-35 1
+34 1
+1 1
-1 2
+1 2

fn=(250)
227 2
-6 2
+6 2
+3 2
+84 3
-2 1
-88 1
-1 1
-1 1
+94 2
cfn=(251) _dl_determine_tlsoffset'2
calls=1 * 
* 44
fi=(2)
808 1
cfi=(40)
cfn=(252) _dl_allocate_tls_storage
calls=1 422 
* 289
* 1
+1 1
+6 2
+3 1
+3 1
cfi=(18)
cfn=(256)
calls=1 68 
* 88
+1 2
+3 1
-3 1
+3 4
fe=(40)

fn=(251)
337 1
-23 1
+23 3
+1 1
+1 3
+2 1
-11 1
+12 1
+3 2
-31 1
+31 1
+3 1
-34 2
+2 2
+3 1
+4 1
-5 1
+1 1
+4 1
-5 1
+3 1
-3 1
+3 1
+2 3
+29 2
-1 1
+1 1
-1 1
+1 3
+7 1
+1 2

fn=(252)
422 1
+13 2
fi=(21)
56 1
fe=(40)
422 1
fi=(21)
56 1
fe=(40)
422 1
+14 1
-14 1
+13 1
+1 1
fi=(21)
56 2
cfi=(22)
cfn=(54)
calls=1 -21 
* 59
fe=(40)
437 1
+20 3
+7 2
-7 2
+7 2
cfi=(35)
cfn=(98)
calls=1 32 
* 140
+5 1
+2 1
-2 1
+2 1
cfn=(254) allocate_dtv
calls=1 365 
* 56
* 1
+1 1
+3 5

fn=(254)
365 1
+5 2
-5 3
+5 1
+4 1
fi=(21)
44 5
cfi=(22)
cfn=(50)
calls=1 +34 
* 35
fe=(40)
376 1
+3 3
+6 1
+6 3

fn=(288)
1015 4
+9 2
-9 3
+6 1
+3 1
+1 1
cfn=(289) _dl_add_to_slotinfo'2
calls=1 +4 
* 17
fi=(2)
2425 2
+5 2
+2 1
+6 3
+2 2
+1 7
cfi=(70)
cfn=(263)
calls=1 194 
* 28064
-18 2
fe=(40)

fn=(289)
1029 3
+34 1
+3 4
+1 4
+3 5

fn=(218) _dl_assign_tls_modid
147 2
-13 1
+13 1
-13 2
+52 1
+2 2
-2 2
+2 1
+3 2

fn=(290)
528 5
+1 2
+10 2
-6 1
+6 5
+3 3
-3 2
cfi=(18)
cfn=(62)
calls=1 44 
* 2
+3 4
+12 1
-18 1
+42 1
-43 1
+19 1
+5 10
cfn=(291) _dl_allocate_tls_init'2
calls=1 +6 
* 102
fi=(2)
2471 3
+10 8
+2 4
+10 1
cfi=(76)
cfn=(292)
calls=1 561 
* 10449
fe=(40)

fn=(291)
568 1
+1 1
+6 4
+3 1
-2 2
+6 1
-4 2
+4 1
-4 1
+1 1
+2 2
+4 2
+1 4
+5 1
+15 1
-15 1
+15 1
-8 1
+8 3
+2 3
cfi=(23)
cfn=(56)
calls=1 75 
* 14
* 6
cfi=(35)
cfn=(98)
calls=1 32 
* 21
* 1
+6 1
-55 5
+6 4
+55 5
cfi=(18)
cfn=(62)
calls=1 44 
* 2
+3 6
+3 3

fn=(124)
199 5
+1 1
+15 1

fl=(5)
fn=(264)
256 10
fi=(70)
-51 2
fi=(6)
100 4
fi=(70)
205 6
+83 2
fi=(6)
48 2
+1 2
fi=(70)
288 2
fi=(6)
60 2
fe=(5)
417 12
fi=(6)
63 12
fe=(5)
389 4
-1 4
+3 8
+2 8
+23 8
fi=(70)
288 6
+3 5
+24 3
+3 2
+17 2
fi=(6)
86 2
+2 2
fi=(4)
-8 2
fi=(6)
+20 4
-12 2
-2 8
+14 4
+10 1
+3 2
fe=(5)
378 4
fi=(6)
113 4
fe=(5)
378 12
fi=(6)
113 8
+7 4
fi=(4)
-40 2
fi=(6)
+44 4
+2 4
fe=(5)
305 12
fi=(6)
128 2
+3 4
-3 2
fe=(5)
247 2
fi=(6)
130 2
-1 2
-1 2
+1 4
-1 2
+3 2
fe=(5)
249 4
+2 2
+5 6
fi=(4)
138 6
fe=(5)
256 42
fi=(4)
80 2
fe=(5)
256 26
cfi=(71)
cfn=(270)
calls=2 840 
* 19292
+2 2
+3 1
-3 2
+3 2
+5 11
+28 3
fi=(6)
145 1
fe=(5)
295 1
cfi=(6)
cfn=(269)
calls=1 145 
* 26749
-37 2
+3 1
-3 2
fi=(70)
+78 2
cfn=(286)
calls=1 +6 
* 29
+1 8
fe=(5)

fn=(265)
417 51
fi=(6)
63 51
fe=(5)
389 18
-1 18
+3 36
+2 34
+23 34
+5 2
258 4
+3 2
-3 4
+3 4
+5 22
+28 18
fi=(6)
145 6
fe=(5)
295 6
cfi=(6)
cfn=(268)
calls=1 145 
* 13580
cfi=(6)
cfn=(269)
calls=5 145 
* 56562
-37 4
+3 2
-3 4
440 2
+2 3
+1 2
fi=(73)
38 2
+2 1
-2 2
+1 2
+1 2
cob=(3)
cfi=(74) ./string/../sysdeps/aarch64/multiarch/memchr.c
cfn=(282) memchr
calls=1 -6 
* 9
* 1
fe=(5)
445 2
cfi=(6)
cfn=(269)
calls=1 63 
* 98

fn=(8)
326 1
fi=(6)
86 1
fe=(5)
326 4
fi=(2)
573 1
fi=(6)
86 2
-37 1
fi=(2)
573 1
fi=(6)
86 1
+2 1
-2 1
+2 1
-2 1
+27 3
fe=(5)
378 1
fi=(6)
113 1
fe=(5)
378 3
fi=(6)
113 2
fe=(5)
378 156
fi=(6)
113 156
fe=(5)
378 468
fi=(6)
113 312
+5 2
fe=(5)
351 3
fi=(6)
126 2
fe=(5)
266 4
fi=(6)
128 2
fe=(5)
247 1
fi=(6)
130 1
-1 2
fe=(5)
249 2
+2 1
+7 11
+3 2
+5 3
+28 3
+1 1
cfi=(6)
cfn=(10)
calls=1 126 
* 105155

fl=(81)
fn=(312) check_match
31 6
+1 3
-1 6
fi=(4)
+49 3
fe=(81)
-49 12
+1 3
-1 6
+1 3
+1 6
+3 12
+12 9
+3 3
+2 3
-2 6
+2 6
cfi=(24)
cfn=(66)
calls=3 +11 
* 211
* 3
+4 3
+1 6
-1 3
+1 18
+1 9
cfi=(24)
cfn=(66)
calls=3 +5 
* 187
-19 6
+24 18

fn=(310)
74 6
+4 3
-4 9
+1 3
-1 12
+2 3
+2 6
+37 3
-37 12
+1 3
+2 9
+3 3
+2 3
+1 6
-3 3
+3 9
-3 9
+2 3
+1 6
-3 3
+3 9
-3 6
+3 3
cfn=(312)
calls=3 -56 
* 551
+3 3
+3 6
+23 18

fl=(11)
fn=(22)
141 3
fi=(10)
323 4
cfn=(21)
calls=1 -12 
* 11209
fe=(11)

fn=(23)
140 20
+5 10
-5 10
+1 114
fi=(10)
323 112
cfn=(21)
calls=28 -12 
* 156679
fe=(11)

fl=(53)
fn=(174)
50 20
+8 70
+2 10

fl=(14)
fn=(30)
35 1
+1 4
+1 2
+6 1
+1 1

fl=(59)
fn=(192)
25 1
+4 10
+2 1

fl=(16)
fn=(36)
56 13
+2 13
+1 13
+1 13
+1 13
+1 13
+1 13
+1 13
+1 13
+1 13
+1 13
+1 13
+2 4
+1 4
+1 4
+1 4
+4 18
+1 18
+1 18
+1 18
+1 18
+2 9
+1 9
+1 9
+1 9
+2 9
+2 9
+1 9
+1 9

fl=(17)
fn=(38)
37 3
+3 1
-3 2
+3 1
+18 1
+4 2
+16 5

fl=(80)
fn=(308)
30 1
+7 1
+3 1
-10 2
+10 2
-3 1
+3 4
-10 1
+10 3
cfi=(81)
cfn=(310)
calls=1 +34 
* 220
+4 1
+1 11
+2 3
-2 1
+2 1
-2 1
+2 5
cfi=(81)
cfn=(310)
calls=1 +27 
* 263
+4 1
+1 9
+1 1
-1 2
+1 3

fl=(20)
fn=(60)
31 3
+2 3
-2 12
+2 3
-2 3
+2 9
cfi=(18)
cfn=(62)
calls=3 +11 
* 6
+2 26
+3 15
+2 2
+2 2
+4 4
+4 4
-4 2
+1 2
-1 2
+5 2
-3 2
-2 2
+4 2
-4 4
+1 2
+3 2
+1 2
-3 2
+3 2
-1 2
cfi=(18)
cfn=(62)
calls=2 -6 
* 4
-5 2
cfn=(61) _dl_add_to_namespace_list'2
calls=1 +1 
* 19
fi=(18)
-1 2
fe=(20)

fn=(61)
46 2
+4 2
-4 1
+1 1
-1 1
+5 1
-3 1
-2 1
+4 1
-4 2
+1 1
+3 1
+1 1
-3 1
+3 1
-1 1

fn=(46)
59 8
+3 1
-3 5
+3 2
+2 1
+2 1
+1 1
+4 6
+6 2
cfi=(21)
cfn=(48)
calls=1 -33 
* 249
fi=(2)
1627 1
+2 1
+3 1
+5 2
-5 2
-1 1
+5 1
-6 1
+1 1
+5 1
cfi=(20)
cfn=(60)
calls=1 31 
* 44
+1 3
1169 1
1326 1
1140 1
+29 1
-18 1
+18 1
-19 1
-2 1
+3 1
+18 1
-19 2
+1 1
-3 1
-3 1
+1 1
+23 2
+57 2
+45 1
-82 1
+37 1
-56 2
+19 1
+37 1
+45 1
-60 1
+15 2
-83 1
+27 2
+96 1
1166 2
cfn=(41)
calls=1 +4 
* 92103
fe=(20)

fn=(47)
fi=(29)
1063 2
+1 2
+11 2
+2 2
+2 2
+1 4
-1 2
-3 4
-1 2
+2 2
+3 6
+1 4
+19 4
-2 4
+2 24
+10 2
-10 2
+10 6
+27 2
+58 6
+6 2
-38 2
-26 2
+64 2
-6 2
-99 2
+15 2
-15 2
+15 2
+26 2
+9 2
-42 2
-1 2
-1 2
+61 2
-52 4
+52 2
+32 2
-94 4
cfn=(165)
calls=2 +10 
* 1123
1269 6
fi=(57)
39 2
+6 2
-2 2
+2 2
+7 2
+7 2
+3 2
+2 2
-3 2
-6 2
-2 2
-1 2
+2 2
+5 2
+3 2
+2 2
-3 2
-3 2
-3 2
-2 4
-4 26
+3 2
-1 4
+17 11
-23 22
+9 6
+2 8
+3 6
+3 6
+2 4
cfn=(184)
calls=2 +4 
* 932
fe=(20)
-5 16
+3 2
-3 10
+3 4
+18 2
+3 2
-3 2
+3 2
cfi=(16)
cfn=(36)
calls=2 -27 
* 60
* 4
+4 2
+5 4
fi=(21)
-48 10
cfi=(22)
cfn=(50)
calls=2 +34 
* 105
* 2
fe=(20)
+51 2
+5 2
-2 2
+2 2
-1 2
+5 2
-1 2
-1 2
+2 4
-2 2
+2 2
cfi=(23)
cfn=(56)
calls=2 -29 
* 33
* 2
+2 6
+13 4
+8 2
+3 4
-3 4
+3 4
+6 3
-4 3
+7 9
fi=(4)
1394 2
+2 2
fe=(20)
139 2
+2 1
-2 2
fi=(4)
1396 30
fe=(20)
139 30
+2 15
-2 30
+16 9
-6 3
+6 3
-5 3
+5 3
-5 3
-1 3
+6 3
+2 4
+3 2
-3 4
+7 6
+4 2
+8 1
+3 2
+10 2
-10 4
+10 4
+2 4
cfi=(16)
cfn=(36)
calls=2 56 
* 65
* 4
+4 4
+68 24
131 6
cfn=(47)
calls=2 +5 
* 435
* 2
-12 2
+49 8
-15 1
+7 2
+16 2
cfn=(47)
calls=1 * 
* 13
+69 6
cfi=(23)
cfn=(56)
calls=2 75 
* 36
* 2
+5 2
+1 6
-1 40
+1 120
+2 4
+3 2
+3 4
cfn=(47)
calls=2 +4 
* 16
fi=(21)
56 8
cfi=(22)
cfn=(54)
calls=2 -21 
* 48
* 2
fe=(20)
200 2

fl=(88)
fn=(330) _dl_runtime_resolve
38 5
+12 5
+5 5
+4 5
+4 5
+4 5
+4 5
+4 5
+4 5
+4 5
+5 5
+3 5
+2 5
+1 5
+1 5
+1 5
+1 5
+3 5
cob=(3)
cfi=(142) ./stdlib/./stdlib/cxa_finalize.c
cfn=(600) __cxa_finalize
calls=1 -70 
* 107
cob=(3)
cfi=(105) ./malloc/./malloc/malloc.c
cfn=(432) malloc
calls=1 3287 
* 237
cfi=(42)
cfn=(416) _dl_audit_preinit
calls=1 +17 
* 13
cob=(3)
cfi=(98) ./misc/./misc/getauxval.c
cfn=(382) getauxval
calls=1 -70 
* 6
cfi=(10)
cfn=(26)
calls=1 408 
* 23
cfi=(89)
cfn=(332)
calls=5 -54 
* 3207

fl=(42)
fn=(190)
76 6
+1 4
-1 4
+1 4
+15 8

fn=(338) _dl_audit_activity_nsid
44 9
+1 3
-1 3
+2 3
-2 3
+2 9
+4 3

fn=(130)
28 3
+1 2
-1 2
+2 1
-2 1
+1 1
+1 1
+6 5

fn=(416)
117 3
+1 2
-1 2
+1 2
+10 4

fn=(616) _dl_audit_objclose
96 12
+1 8
-1 4
+1 8
+16 12

fl=(29)
fn=(80)
706 1
+14 1
-14 2
+14 1
-14 1
fi=(21)
56 1
fe=(29)
706 5
+14 5
cfi=(30)
cfn=(82)
calls=1 175 
* 2092
fi=(2)
1731 3
cfi=(39)
cfn=(120) _dl_debug_initialize
calls=1 56 
* 34
* 1
+7 1
-7 1
+2 1
+5 1
+3 4
cfn=(41)
calls=1 +1 
* 89196
fe=(29)

fn=(81)
767 3
+1 12
cfi=(35)
cfn=(98)
calls=3 32 
* 42
+2 8
-8 2
+8 2
-7 2
+7 2
-7 2
-7 2
+3 2
+3 2
+4 6
-3 4
cfn=(81)
calls=2 +4 
* 1641
+19 1
-6 1
+6 1
+3 2
-15 1
+15 1
-8 1
+8 1
-9 2
+11 4
+2 2
+36 4
+2 2
cfi=(16)
cfn=(36)
calls=1 56 
* 25
* 7
-19 1
-2 2
+2 1
+19 8
cfi=(23)
cfn=(56)
calls=1 75 
* 15
+5 1
-5 1
+5 2
-1 2
+2 1
-1 1
+1 1
+1 2
-2 1
+1 13
-1 13
+1 13
+1 26
-2 13
+5 2
fi=(21)
56 1
fe=(29)
836 2
fi=(21)
56 1
cfi=(22)
cfn=(54)
calls=1 -21 
* 24
* 1
fe=(29)
836 1
+2 1
+6 7
cfn=(102) fillin_rpath.isra.0
calls=1 468 
* 568
-22 2
cfn=(81)
calls=1 +3 
* 759

fn=(102)
468 5
+41 3
-41 2
+64 1
-64 2
+4 1
+60 1
-64 3
+6 3
cfi=(7)
cfn=(104)
calls=1 242 
* 195
* 2
+7 2
+2 3
cfn=(106) expand_dynamic_string_token
calls=1 -98 
* 119
* 1
+4 1
+5 1
cfi=(16)
cfn=(36)
calls=1 56 
* 16
* 1
+1 1
+7 6
+5 5
cfn=(103) fillin_rpath.isra.0'2
calls=1 +4 
* 180
847 3
+6 3
+4 8

fn=(103)
474 3
cfi=(7)
cfn=(104)
calls=1 242 
* 6
* 2
+97 1
+3 7
-65 10
+1 12
+55 2
fi=(21)
50 4
cfi=(22)
cfn=(118)
calls=1 +45 
* 11
+1 1
cfi=(29)
cfn=(103)
calls=1 474 
* 19
fe=(29)
528 2
+4 1
fi=(21)
56 1
fe=(29)
532 3
fi=(21)
56 1
fe=(29)
532 2
fi=(21)
56 2
cfi=(22)
cfn=(54)
calls=1 -21 
* 24
* 1
fe=(29)
534 1
+5 1
+1 2
-1 3
-1 1
+2 1
cfi=(23)
cfn=(56)
calls=1 75 
* 15
* 1
+3 1
-2 1
+2 3
+7 1
-1 1
+1 1
-1 3
+1 3
+1 1
-1 3
+1 7
-1 21
+4 1
-1 2
+1 1
+7 2
-6 1
+7 2
cfn=(103)
calls=1 +3 
* 37
-34 2
cfn=(103)
calls=1 +4 
* 154
* 2
cfn=(103)
calls=1 +33 
* 42

fn=(108)
238 5
+3 5
-3 10
+7 5
-4 5
cfi=(36)
cfn=(110)
calls=5 58 
* 173
+3 5
+20 20

fn=(202) open_path
1870 9
+1 1
-1 1
+1 1
-1 3
+7 1
+5 19
+3 1
-3 1
1525 1
1874 1
+11 1
-10 1
+10 1
1545 4
1894 3
+7 2
-12 1
+13 1
-1 2
cfi=(23)
cfn=(56)
calls=1 75 
* 15
* 1
+52 1
+17 1
-17 1
-52 1
+69 1
-17 1
-51 8
+3 3
+5 8
cfi=(23)
cfn=(56)
calls=1 75 
* 14
* 5
cfi=(23)
cfn=(56)
calls=1 75 
* 15
* 1
+9 1
-6 1
+6 2
+3 7
cfn=(156)
calls=1 1568 
* 1246
2164 1
-6 1
+6 3
+1 7
cfn=(200) cache_rpath
calls=1 682 
* 6
* 3
+8 1
+14 1
+2 3
+4 2
cfi=(62)
cfn=(206)
calls=1 416 
* 3128

fn=(203) open_path'2
1905 21
+5 56
cfi=(23)
cfn=(56)
calls=7 75 
* 103
* 35
cfi=(23)
cfn=(56)
calls=7 75 
* 105
* 7
+9 7
-6 7
+6 14
+3 49
cfn=(157) open_verify.constprop.0'2
calls=7 1568 
* 4243
+69 6
+7 3
-2 1
+2 1
-2 2
+2 1
+3 1
1880 1
2015 9
1902 46
cfn=(203)
calls=7 +3 
* 4647

fn=(106)
385 12
+10 4
cfn=(108)
calls=2 238 
* 90
+3 2
+1 2
+11 6
-11 2
cfi=(37)
cfn=(112)
calls=2 40 
* 164

fn=(150)
fi=(60)
64 1
+5 3
fe=(29)
2022 24
+8 12
+1 32
+3 42
+5 45
+2 27
cfi=(47)
cfn=(152)
calls=9 68 
* 803
* 9
+4 14
+1 14
fi=(4)
80 2
fe=(29)
2049 4
+1 2
-1 4
+1 2
+1 6
cfi=(24)
cfn=(66)
calls=2 64 
* 78
* 2
2329 16
2067 2
+2 4
-1 14
+9 2
-53 2
+53 4
+17 4
-2 2
+2 2
cfi=(36)
cfn=(110)
calls=2 58 
* 56
* 2
2260 1
-1 3
cfn=(106)
calls=1 385 
* 163
-1 1
+3 2
+4 6
cfn=(156)
calls=1 1568 
* 1755
2098 3
cfi=(16)
cfn=(36)
calls=1 56 
* 25
+2 1
-2 2
+2 1
+7 3
+4 2
+8 5
-7 1
+5 1
+2 1
-7 6
cfn=(151) _dl_map_object'2
calls=1 +5 
* 4606
fi=(2)
666 1
+2 3
fe=(29)

fn=(151)
2158 12
cfn=(202)
calls=1 1870 
* 4544
-42 2
+1 6
cfn=(200)
calls=1 682 
* 6
* 2
+14 4
+1 7
+1 7
cfn=(200)
calls=1 682 
* 6
* 3
+9 1
+15 5
+1 1

fn=(156)
1568 9
+39 6
-39 6
+39 3
-39 27
+39 3
+19 9
cfi=(48)
cfn=(158)
calls=3 28 
* 55
* 3
+2 6
+12 2
-1 4
+6 2
-6 2
+1 2
+5 8
cfi=(49)
cfn=(160)
calls=2 26 
* 12
+4 2
-2 4
+2 4
+2 4
+6 4
+17 30
+74 2
-74 2
+74 4
+5 6
+2 10
+6 6
+6 2
+1 2
-1 2
+2 2
-1 6
+21 6
+31 6
-31 2
1633 2
1820 6
cfn=(157)
calls=2 -30 
* 240
1612 2
cfn=(157)
calls=1 1856 
* 9
+62 6
1922 1
+2 2
+2 2
+5 1
+1 8
+6 1
+2 1
-2 1
+2 1
-2 1
+2 1
cfi=(61)
cfn=(204)
calls=1 29 
* 16
+3 1
-3 1
+3 2
cfn=(203)
calls=1 -41 
* 1150
2265 1
+3 2
+12 2
+46 1
+1 4
-1 1
+1 5
-1 1
+1 1
cfn=(164) _dl_map_object_from_fd
calls=1 944 
* 1506
-1 1
+1 4
-1 1
+1 5
-1 1
+1 1
cfn=(164)
calls=1 944 
* 1771
-97 1
+4 3
+1 2
+17 2
+28 5
+2 2

fn=(157)
1568 21
+39 14
-39 14
+39 7
-39 63
+39 7
+19 21
cfi=(48)
cfn=(158)
calls=7 28 
* 147
* 7
+2 14
fi=(21)
50 8
cfi=(22)
cfn=(118)
calls=2 +45 
* 22
fe=(29)
1856 90
-67 72
+1 45
+1 8
+4 6
+1 2
-1 4
+28 2
+3 2
-3 18
-1 2
+4 4
+5 1
+1 1
-12 12
+15 1
+3 1
+2 1
+1 1
+1 1
-3 2
+1 1
+2 1
-4 1
+4 3
1612 14
cfn=(157)
calls=7 1856 
* 63
1922 7
+2 14
+2 14
+5 7
+1 56
+6 7
+2 7
-2 7
+2 7
-2 7
+2 7
cfi=(61)
cfn=(204)
calls=7 29 
* 109
+3 7
-3 7
+1 1
+2 1
-2 1
+2 5
cfn=(203)
calls=1 -41 
* 29
* 12
cfn=(203)
calls=6 -41 
* 3539

fn=(164)
944 28
+10 2
-10 6
+10 2
cfi=(39)
cfn=(166) _dl_debug_update
calls=2 38 
* 14
* 2
+7 6
+85 6
+10 6
+7 14
cfi=(20)
cfn=(47)
calls=2 59 
* 3079
fi=(50) ./elf/../sysdeps/posix/dl-fileid.h
37 6
cfi=(51)
cfn=(170)
calls=2 -8 
* 28
* 2
fe=(29)
999 10
fi=(50)
41 4
fe=(29)
999 14
+1 10
fi=(50)
49 18
fe=(29)
1018 2
2327 2
+2 16

fn=(165)
1111 36
+20 2
-21 45
+1 87
1213 4
1110 2
1214 4
1110 4
1218 6
+10 2
+1 2
-1 2
+1 2
-1 4
+1 2
-1 2
+1 2
-1 4
+7 6
+10 6
+7 2
fi=(54)
97 2
fe=(29)
1252 6
fi=(54)
28 2
fe=(29)
1252 2
fi=(54)
96 2
fe=(29)
1252 2
fi=(54)
96 2
-68 4
fe=(29)
1515 18
1111 14
+26 16
+12 12
-3 4
-1 4
+1 8
+5 4
-4 8
+2 4
-2 4
+1 4
+3 4
-2 4
+2 16
+2 16
+4 10
+1 4
+4 2
+1 2
-18 2
+17 2
+1 6
-1 2
+11 2
cfn=(165)
calls=2 -63 
* 893
-11 2
+1 2
-18 2
+17 2
+1 6
-1 2
+11 2
cfn=(165)
calls=2 -63 
* 1001
-56 4
+9 2
-1 2
+1 6
-2 2
+2 2
-1 2
-1 2
+1 2
+1 4
cfn=(165)
calls=2 -16 
* 847
+50 2
+4 1
+14 1
-13 2
+13 1
-70 1
+61 5
+1 1
+3 1
-3 1
+8 2
+15 4
+1 2
cfn=(165)
calls=2 1110 
* 751
1471 2
+1 4
+5 2
cfi=(40)
cfn=(218)
calls=1 147 
* 14
+7 3
cfi=(20)
cfn=(60)
calls=1 31 
* 54
+3 3
+23 8
+1 3
cfi=(42)
cfn=(190)
calls=1 76 
* 13
* 1
cfn=(165)
calls=1 +4 
* 9
-5 2
fi=(54)
36 6
+1 2
-1 2
+1 10
-1 4
+1 2
cfi=(53)
cfn=(174)
calls=2 +13 
* 20
* 2
+4 4
+3 2
+1 8
-1 6
+1 4
-1 2
+1 2
cfi=(53)
cfn=(174)
calls=2 +5 
* 20
* 2
+4 12
+6 4
+1 12
cfi=(55)
cfn=(178)
calls=2 +64 
* 12
* 10
cfn=(176)
calls=2 +2 
* 503
fe=(29)

fn=(200)
682 3
-1 3
+1 6
+1 3
+16 3

fl=(65)
fn=(222)
30 1
+4 1
-4 2
+5 1
-4 1
-1 1
+5 2
+10 1
+1 1
-1 2
+18 3
cfi=(60)
cfn=(195)
calls=1 217 
* 1259

fn=(223)
30 1
+4 1
-4 2
+5 1
-4 1
-1 1
+5 2
+10 1
+1 1
-1 2
+18 3

fl=(39)
fn=(128)
117 2

fn=(166)
38 3
+2 3
+8 3
-7 6
+3 6

fn=(120)
56 1
+3 1
+4 1
-6 1
+6 3
+1 1
-7 1
+7 2
cfn=(121) _dl_debug_initialize'2
calls=1 +21 
* 23

fn=(121)
85 2
+5 2
+1 2
-1 1
+1 1
-1 1
+2 1
+3 2
+4 1
+8 1
-11 9
cfn=(121)
calls=1 +3 
* 2

ob=(2)
fl=(44)
fn=(402) 0x0000000000108930
0 4
cob=(5)
cfi=(99)
cfn=(404) call_weak_fn
calls=1 0 
0 4
0 2

fn=(614) 0x000000000010a3f4
0 5

fn=(350)
0 4
cob=(4)
cfi=(91)
cfn=(352) 0x0000000000000570
calls=1 0 
0 4
0 2

fn=(636) 0x00000000048407fc
0 5

ob=(4)
fl=(91)
fn=(358)
0 1
cfn=(360) 0x00000000000005c0
calls=1 0 
0 10

fn=(630) 0x0000000000000590
0 7
cfn=(634) 0x0000000000000634
calls=1 0 
0 5

fn=(618) 0x0000000000000600
0 12
cfn=(630)
calls=1 0 
0 12
cob=(1)
cfi=(88)
cfn=(330)
calls=1 38 
0 741
0 10
fi=(139)
115 2
+2 4
fe=(91)

ob=(5)
fl=(99)
fn=(608) 0x0000000000000ad0
0 7
cfn=(612) 0x0000000000000b74
calls=1 0 
0 5

fn=(574) freeMap
0 5
cfn=(575) freeMap'2
calls=1 0 
0 415
0 2
cob=(3)
cfi=(137)
cfn=(578) exit
calls=1 142 
0 2336
0 4

fn=(575)
0 80
cfn=(575)
calls=10 0 
0 3165
0 118
cob=(3)
cfi=(105)
cfn=(569) free'2
calls=1 3356 
0 213
0 4

fn=(494) readLine
0 8
cob=(3)
cfi=(105)
cfn=(432)
calls=1 3287 
0 1132
0 4
0 2
cob=(3)
cfi=(126) ./libio/./libio/ioputs.c
cfn=(524) puts
calls=1 33 
0 4284
0 4
0 4

fn=(495) readLine'2
0 2
cob=(3)
cfi=(122) ./libio/./libio/getc.c
cfn=(498) getc
calls=1 34 
0 913
0 4

fn=(404)
0 4

ob=(4)
fl=(91)
fn=(618)
fi=(139)
123 2
-3 4
+3 2
+18 3
+5 2
+1 4
cob=(2)
cfi=(44)
cfn=(636)
calls=1 0 
* 5
+6 6
cob=(1)
cfi=(42)
cfn=(616)
calls=3 -57 
* 33
+5 3
-45 3
+45 6
-45 6
+49 3
cob=(1)
cfi=(42)
cfn=(338)
calls=1 44 
* 11
51 6
fe=(91)

ob=(5)
fl=(99)
fn=(410) 0x0000000000000b00
0 10

fn=(386)
0 12
cob=(3)
cfi=(100) ./csu/../csu/libc-start.c
cfn=(390) __libc_start_main@@GLIBC_2.34
calls=1 242 
0 10014
0 4

fn=(408) 0x0000000000000b90
0 1
cfn=(410)
calls=1 0 
0 10

fn=(428) makeMap
0 5
cob=(3)
cfi=(105)
cfn=(432)
calls=1 3287 
0 2049
0 4
0 4
cob=(3)
cfi=(112) ./stdio-common/./stdio-common/printf.c
cfn=(460) printf
calls=1 28 
0 6936
0 4

fn=(429) makeMap'2
0 142

fn=(612)
0 5

fn=(426) main
0 9
cfn=(428)
calls=1 0 
0 9002

fn=(427) main'2
0 4
cfn=(494)
calls=1 0 
0 5438

fn=(592) 0x0000000000000b40
0 12
cfn=(608)
calls=1 0 
0 12
cob=(3)
cfi=(142)
cfn=(600)
calls=1 30 
0 107
0 5
fi=(139)
115 1
+2 2
+6 1
-3 2
+3 1
+4 3
+12 1
-1 1
+2 1
-2 1
+2 1
+1 1
-3 1
+3 3
+1 2
cob=(4)
cfi=(91)
cfn=(618)
calls=1 0 
* 884
-1 3
fe=(99)

ob=(4)
fl=(91)
fn=(618)
fi=(139)
124 4
fe=(91)

fn=(634)
0 5

fn=(352)
0 4

fn=(360)
0 10

ob=(5)
fl=(99)
fn=(592)
fi=(139)
146 2
+1 4
cob=(2)
cfi=(44)
cfn=(614)
calls=1 0 
* 5
+6 2
cob=(1)
cfi=(42)
cfn=(616)
calls=1 -57 
* 11
+5 1
-45 1
+45 2
-45 2
fe=(99)

ob=(3)
fl=(123) ./libio/./libio/libioP.h
fn=(514) _IO_file_underflow@@GLIBC_2.17
883 2
+1 6
+56 2
+2 1
-2 1
fi=(117) ./libio/./libio/fileops.c
505 2
cfi=(118) ./libio/./libio/genops.c
cfn=(516) _IO_switch_to_get_mode
calls=1 164 
* 24
+11 1
-5 1
fe=(123)
942 1
fi=(117)
512 1
+1 1
+1 1
fe=(123)
943 2
fi=(117)
516 5
cfn=(518) _IO_file_read
calls=1 1133 
* 24
+2 2
+7 1
+9 1
-9 2
+9 2
+2 4
+1 3
fe=(123)
884 3
cfi=(97)
cfn=(400) __aarch64_swp4_rel
calls=1 0 
* 6
* 2

fl=(117)
fn=(488) _IO_do_write@@GLIBC_2.17
425 2
-2 8
+2 2
cfn=(506) new_do_write
calls=2 +6 
* 196
* 4
+1 6

fn=(650) _IO_file_sync@@GLIBC_2.17
792 4
+5 2
-5 4
+5 4
+2 2
+1 4
+11 6
+4 6

fn=(646) _IO_file_setbuf@@GLIBC_2.17
381 8
+1 2
cfi=(118)
cfn=(648) _IO_default_setbuf
calls=2 +70 
* 118
* 2
+7 2
-3 2
+1 2
-2 2
+1 2
+4 6

fn=(470) _IO_file_xsputn@@GLIBC_2.17
fi=(113) ./stdio-common/./stdio-common/vfprintf-internal.c
239 2
127 5
1263 1
+4 3
1608 2
+1 2
-1 8
cfi=(97)
cfn=(400)
calls=1 0 
* 6
* 2
+1 2
cfi=(116) ./nptl/./nptl/libc-cleanup.c
cfn=(492) __libc_cleanup_pop_restore
calls=1 40 
* 9
+2 2
cfn=(463) __vfprintf_internal'2
calls=1 +1 
* 15
fi=(126)
40 2
+1 5
+1 4
fi=(123)
883 2
+1 5
fi=(126)
46 6
fi=(123)
884 3
cfi=(97)
cfn=(400)
calls=1 0 
* 6
* 2
fi=(126)
41 2
cfi=(118)
cfn=(530) __overflow
calls=1 199 
* 162
* 2
fe=(117)
1197 6
+7 2
-1 8
+7 10
+2 2
-2 4
+17 3
-15 1
+4 1
-4 1
+1 2
+18 1
+12 1
fi=(123)
940 5
+2 1
+1 2
fe=(117)
1243 4
cfn=(472) _IO_file_overflow@@GLIBC_2.17
calls=1 731 
* 954
* 2
+6 3
+1 5
+2 1
+11 1
-45 12
-2 12
cfn=(471) _IO_file_xsputn@@GLIBC_2.17'2
calls=1 +17 
* 34
+48 4
cfi=(118)
cfn=(490) _IO_default_xsputn
calls=1 374 
* 256

fn=(471)
1233 1
+2 2
+1 1
+1 1
-2 2
cfi=(128) ./string/../sysdeps/aarch64/multiarch/../memcpy.S
cfn=(528) __GI_memcpy
calls=1 75 
* 16
* 2
+4 2
+27 3
+1 8

fn=(518)
1133 4
cfi=(125) ./io/../sysdeps/unix/sysv/linux/read.c
cfn=(520) read
calls=1 25 
* 20

fn=(472)
425 2
+1 1
731 32
+1 16
+7 31
+37 7
-2 14
+3 18
+3 18
+1 12
+1 18
+4 6
+1 18
-45 1
+33 2
+12 1
-12 1
+12 1
-12 1
cfn=(488)
calls=1 425 
* 109
+9 1
-1 3
cfn=(488)
calls=1 425 
* 109
* 2
-39 2
cfi=(118)
cfn=(474) _IO_doallocbuf
calls=1 343 
* 939

fn=(473) _IO_file_overflow@@GLIBC_2.17'2
754 1
+9 3
+5 1
+2 1
+1 1
-1 1
-2 1
-2 1
+1 1
+4 5
+1 1
+2 2
+1 2
+12 1
-12 1
+12 1
-12 1

fn=(504) _IO_file_underflow@@GLIBC_2.17
461 4
+4 2
+3 1
+6 3
+3 4
+3 2
+5 2
cfi=(118)
cfn=(474)
calls=1 343 
* 617
fi=(118)
363 2
+2 4
+1 3
fe=(117)

fn=(510) _IO_file_write@@GLIBC_2.17
1173 8
+2 12
+5 10
cfi=(124) ./io/../sysdeps/unix/sysv/linux/write.c
cfn=(512) write
calls=2 25 
* 40
+1 2
+5 2
+1 2
-12 4
+14 4
+1 4
+3 6

fn=(478) _IO_file_stat
1147 4
cfi=(120) ./io/../sysdeps/unix/sysv/linux/fstat64.c
cfn=(480) fstat
calls=2 29 
* 28

fn=(506)
431 8
+2 2
-2 2
fi=(123)
942 2
-2 2
fe=(117)
431 2
fi=(123)
942 2
-2 2
fe=(117)
431 4
fi=(123)
940 2
fe=(117)
443 2
-10 2
fi=(123)
942 2
+1 4
fe=(117)
448 10
cfn=(510)
calls=2 1173 
* 94
* 2
+1 8
+6 2
-4 4
+1 4
+3 4
-2 2
+4 12
-3 8
-14 8

fl=(120)
fn=(480)
29 2
+1 2
+5 8
cfi=(121) ./io/../sysdeps/unix/sysv/linux/fstatat64.c
cfn=(482) fstatat
calls=2 +63 
* 16

fl=(136) ./string/../sysdeps/aarch64/strcmp.S
fn=(564) strcmp
64 7
+3 7
+1 7
+1 7
+1 7
+1 7
+1 14
+5 7
+1 7
+7 7
+1 7
+2 7
+1 7
+1 7
+4 7
+1 7
+3 7
+1 7
+1 7
+2 7
+5 7
+1 7
+3 7
+1 7
+1 7

fl=(109) ./misc/./misc/sbrk.c
fn=(450) sbrk
37 2
+6 2
-6 4
+3 2
+3 2
-3 2
-3 4
+3 2
+3 2
+20 2
+15 10
-20 2
+1 2
cfi=(110) ./misc/../sysdeps/unix/sysv/linux/brk.c
cfn=(452) brk
calls=1 -24 
* 10
* 1
+4 1
-1 4
+4 3
+8 1
cfi=(110)
cfn=(452)
calls=1 -39 
* 10
* 1

fl=(143) ./posix/./posix/register-atfork.c
fn=(602) __unregister_atfork
76 2
+1 2
-1 4
+1 2
-1 4
+1 8
cfi=(97)
cfn=(396) __aarch64_cas4_acq
calls=2 -77 
* 12
* 2
fi=(144) ./posix/../malloc/dynarray-skeleton.c
243 4
fe=(143)
65 2
+38 8
cfi=(97)
cfn=(400)
calls=2 0 
* 12
* 4
+1 8

fl=(116)
fn=(468) __libc_cleanup_push_defer
25 4
+2 12
+3 8
+3 4
-2 4
+3 4

fn=(492)
40 4
+4 4
-2 12
+2 4
+1 8
+2 4

fl=(87) ./nptl/./nptl/pthread_mutex_conf.c
fn=(324) __pthread_tunables_init
50 2
+1 1
-1 3
+1 2
-1 3
+1 3
cob=(1)
cfi=(10)
cfn=(26)
calls=1 408 
* 24
cob=(1)
cfi=(88)
cfn=(330)
calls=1 -13 
* 785
* 28
fi=(83)
-2 10
fe=(87)

fl=(104) ./setjmp/./setjmp/sigjmp.c
fn=(424) __sigjmp_save
28 4
+2 1
-1 1
+5 4

fl=(133) ./string/../sysdeps/aarch64/multiarch/strlen_asimd.S
fn=(550) __strlen_asimd
88 1
+3 1
+1 1
+1 1
+3 1
+1 1
+10 1
+1 1
+1 1
+1 1
+1 1
+1 1
+1 1
+1 1
+4 1
+1 1
+1 1
+1 1
+1 1
+1 1
+1 1

fl=(97)
fn=(400)
0 90

fn=(378)
fi=(90)
69 4
+3 4
fe=(97)
-72 4
cob=(1)
cfi=(88)
cfn=(330)
calls=1 38 
0 592
0 14

fn=(396)
0 90

fl=(125)
fn=(520)
25 3
+1 2
-1 1
+1 9
+1 5

fl=(142)
fn=(600)
30 2
+3 2
-3 6
+3 2
-3 2
+3 4
-3 2
+3 2
-3 4
+3 2
cfi=(97)
cfn=(396)
calls=2 -33 
* 12
* 2
+46 2
-36 2
+36 2
-43 8
+4 12
-4 4
+58 6
+4 12
-4 4
+11 2
+1 4
cfi=(143)
cfn=(602)
calls=2 -30 
* 74
+1 10
cfi=(97)
cfn=(400)
calls=2 0 
* 12
* 4
+1 14

fl=(141) ./nptl/./nptl/pthread_mutex_unlock.c
fn=(590) __pthread_mutex_unlock_usercnt
fi=(139)
113 2
+2 1
+2 2
+6 1
-3 2
+3 1
+4 3
+12 1
-1 1
+2 1
-2 1
+2 1
+1 1
-3 1
+3 3
+1 2
cob=(5)
cfi=(99)
cfn=(592)
calls=1 0 
* 1075
fe=(141)
-94 1
+3 1
-3 2
+3 2
+1 1
-1 1
+1 1
+5 3
+17 2
+6 4
+4 6
+3 5
cfn=(591) __pthread_mutex_unlock_usercnt'2
calls=1 -25 
* 22

fn=(591)
62 2
+1 1
-24 1
+1 6
+30 1
+2 1
+32 4
-39 4
cfn=(591)
calls=1 -26 
* 15
-24 2
cfn=(591)
calls=1 +29 
* 6

fn=(588) pthread_mutex_unlock@@GLIBC_2.17
368 2
cfn=(590)
calls=1 48 
* 1150

fl=(101) ./stdlib/./stdlib/cxa_atexit.c
fn=(394) __internal_atexit
fi=(100)
369 5
+6 3
-3 1
128 3
+6 2
+1 7
cob=(2)
cfi=(44)
cfn=(402)
calls=1 0 
* 10
+3 1
+1 1
+3 1
+1 1
-1 1
+1 1
-1 1
+1 1
+1 6
cfn=(391) __libc_start_main@@GLIBC_2.34'2
calls=1 +1 
* 9865
fe=(101)
36 5
+5 1
+2 10
cfi=(97)
cfn=(396)
calls=1 -43 
* 6
* 1
+1 2
cfn=(398) __new_exitfn
calls=1 +38 
* 60

fn=(392) __cxa_atexit
70 3
cfn=(394)
calls=1 -34 
* 9995

fn=(398)
82 1
+6 1
-6 3
+6 2
+5 3
-10 2
+12 1
+1 1
-1 1
-2 1
+10 1
-10 2
+32 1
-1 1
+1 2
cfn=(399) __new_exitfn'2
calls=1 +14 
* 9
-81 1
+2 1
+7 1
+5 1
+1 1
-2 1
+2 1
-6 1
+6 1
+1 1
-7 2
+2 1
+4 1
cfi=(97)
cfn=(400)
calls=1 -59 
* 6
* 2
+2 6

fn=(399)
139 1
-1 2
+1 1
+4 1
-4 1
+4 1
-4 1
+4 1

fl=(113)
fn=(462) __vfprintf_internal
fi=(112)
37 9
fe=(113)
1180 1
+30 2
-30 1
+30 1
-30 7
+30 1
-30 3
+38 1
-8 3
-30 3
+30 8
-30 2
+38 3
+4 3
+11 1
+11 4
fi=(115) ./stdio-common/./stdio-common/printf-parse.h
111 2
fe=(113)
1259 1
-15 2
fi=(115)
111 1
cfi=(114) ./string/../sysdeps/aarch64/strchrnul.S
cfn=(464) strchrnul
calls=1 -55 
* 18
* 1
fe=(113)
1255 1
+4 7
cfi=(116)
cfn=(468)
calls=1 25 
* 9
+1 12
cfi=(97)
cfn=(396)
calls=1 0 
* 6
* 4
-1 2
+1 3
cfn=(463)
calls=1 +3 
* 1334

fn=(463)
1263 1
fi=(150) ./stdio-common/../libio/libioP.h
940 1
fe=(113)
239 1
fi=(150)
940 3
fe=(113)
1263 1
fi=(150)
940 1
+2 1
+1 2
fe=(113)
239 5
cfi=(117)
cfn=(470)
calls=1 1197 
* 1318
1612 15

fl=(131) ./libio/./libio/strops.c
fn=(544) _IO_str_init_static_internal
36 7
+4 1
+1 3
cfi=(132) ./string/../sysdeps/aarch64/rawmemchr.S
cfn=(546) rawmemchr
calls=1 -14 
* 32
* 1
+5 5
cfi=(118)
cfn=(486) _IO_setb
calls=1 329 
* 21
+2 1
+3 4
+4 1
-1 1
+10 1
+1 4

fn=(558) _IO_str_underflow
143 4
+2 4
+6 3
+3 1
+1 1

fl=(98)
fn=(382)
30 2
+2 3
+32 1

fl=(100)
fn=(390)
242 11
343 2
+1 3
cfi=(101)
cfn=(392)
calls=1 70 
* 9998

fn=(391)
382 3
cfi=(102) ./csu/../sysdeps/nptl/libc_start_call_main.h
cfn=(418) (below main)
calls=1 29 
* 9073
cob=(1)
cfi=(88)
cfn=(330)
calls=1 38 
* 755
* 14
145 5
cob=(5)
cfi=(99)
cfn=(408)
calls=1 0 
* 11
-1 4
cfn=(391)
calls=1 382 
* 9845

fl=(122)
fn=(498)
34 2
+3 1
-3 3
+3 1
+1 3
+5 3
-5 1
cfi=(118)
cfn=(500) __uflow
calls=1 299 
* 899

fn=(499) getc'2
34 8
+3 4
-3 12
+3 4
+1 20
+5 4
-5 4
+5 16

fl=(126)
fn=(524)
0 9
fi=(99)
cfi=(129) ./stdio-common/./stdio-common/isoc99_sscanf.c
cfn=(536) __isoc99_sscanf
calls=1 24 
0 3921
fi=(99)
0 4
fe=(126)
33 3
+3 1
-3 3
+2 1
cfi=(127) ./string/../sysdeps/aarch64/multiarch/../strlen.S
cfn=(526) __GI_strlen
calls=1 +21 
* 16
* 1
+1 14
cfi=(97)
cfn=(396)
calls=1 -36 
* 6
* 1
+3 1
-3 1
+3 1
-3 4
+3 2
-1 2
+2 1
fi=(123)
940 5
+2 1
+1 2
fe=(126)
40 4
cfi=(117)
cfn=(470)
calls=1 1197 
* 280

fl=(132)
fn=(546)
27 1
+1 1
+5 1
+2 1
+1 1
cfi=(133)
cfn=(550)
calls=1 +52 
* 21
* 6

fl=(121)
fn=(482)
98 8
+70 6
+1 2

fl=(137)
fn=(580) __run_exit_handlers
40 11
+5 2
+1 1
cfi=(138) ./stdlib/./stdlib/cxa_thread_atexit_impl.c
cfn=(582) __call_tls_dtors
calls=1 149 
* 13
* 1
cfn=(581)
calls=1 +2 
* 2301

fn=(581)
48 6
cfi=(97)
cfn=(396)
calls=1 -48 
* 6
* 1
+47 1
+3 1
-3 1
-39 2
+2 1
+13 2
-5 4
+2 2
+3 6
+19 4
cfi=(97)
cfn=(396)
calls=1 -90 
* 6
* 1
+15 1
+7 1
-3 1
-2 1
-2 1
+4 1
+3 1
-3 1
+3 2
cfi=(97)
cfn=(400)
calls=1 0 
* 6
* 2
+1 3
cob=(1)
cfi=(139)
cfn=(584)
calls=1 -82 
* 2249
+11 3
+1 1
+6 1
-69 2
+69 2
-69 1
+69 1
cfi=(97)
cfn=(400)
calls=1 0 
* 6
* 2
+2 2
+1 13
cfi=(118)
cfn=(638) _IO_cleanup
calls=1 863 
* 551

fn=(578)
142 1
+1 2
-1 1
+1 3
cfn=(580)
calls=1 40 
* 2329

fl=(94) ./misc/./misc/init-misc.c
fn=(372) __init_misc
31 1
-1 4
+1 2
+2 3
cfi=(95) ./string/../sysdeps/aarch64/strrchr.S
cfn=(374) rindex
calls=1 +28 
* 46
+4 2
+1 1
-1 2
+1 4
+2 3

fl=(107) ./stdlib/../sysdeps/unix/sysv/linux/getrandom.c
fn=(438) getrandom
28 3
+1 2
-1 1
+1 9
+1 5

fl=(134) ./stdio-common/./stdio-common/vfscanf-internal.c
fn=(552) __vfscanf_internal
fi=(129)
35 12
fe=(134)
278 1
+10 2
-10 2
fi=(135) ./stdio-common/../include/scratch_buffer.h
77 1
fe=(134)
339 1
-61 1
+10 1
-10 5
+10 1
-10 3
+10 1
+1 1
-11 3
+67 1
fi=(135)
78 1
fe=(134)
278 1
+11 1
fi=(135)
77 1
fe=(134)
280 1
fi=(135)
77 1
+1 1
fe=(134)
339 1
+6 1
+3 3
+4 1
+20 2
-20 1
+20 2
-7 1
-6 2
+7 1
+6 1
-5 3
+5 1
cfi=(116)
cfn=(468)
calls=1 25 
* 9
* 2
+9 1
-4 1
+4 3
2936 2
284 1
-1 1
618 3
332 1
-7 1
-12 1
+13 1
+2 1
-1 1
2936 1
282 1
+11 1
418 1
+24 5
+1 2
206 1
+16 1
+1 3
488 4
+2 2
cfi=(115)
cfn=(554) read_int
calls=1 76 
* 31
+1 1
-1 1
+7 1
-18 1
+12 3
+38 2
+3 6
+75 1
+1 1
+4 1
-4 1
cfn=(553) __vfscanf_internal'2
calls=1 +4 
* 435
-76 7
345 2

fn=(553)
418 1
+24 5
+1 2
-62 4
3015 3
206 1
+16 1
+1 3
488 4
+44 6
+80 2
+4 6
+1 2
+1 8
+3 1
+1 2
-1 2
+1 3
cfn=(553)
calls=1 +6 
* 418
+6 6
+3 2
-3 1
+3 2
-3 2
+4 5
+1 5
cfi=(118)
cfn=(556) _IO_sputbackc
calls=1 +2 
* 395
3025 4
cfi=(116)
cfn=(492)
calls=1 40 
* 9
fi=(135)
85 4
fe=(134)
3029 3
+17 2
+6 17
482 1
+22 5
+21 3
+4 1
+3 2
cfn=(553)
calls=1 * 
* 110
+75 1
+1 1
+4 1
-4 1
cfn=(553)
calls=1 +4 
* 93
-76 7
+86 5
+19 8
+16 3
+5 2
1021 8
+10 1
-10 1
+10 3
+71 10
-3 4
+2 8
+1 4
+42 37
1031 3
1144 3
1031 6
1144 6
cfn=(553)
calls=3 -45 
* 819
* 2
cfi=(118)
cfn=(500)
calls=1 299 
* 68
* 11
+2 1
+40 1
+2 2
-2 1
+2 2
381 1
1186 1
+10 1
381 2
1194 1
+2 3
cfn=(553)
calls=1 381 
* 141
-95 8
cfn=(553)
calls=4 +43 
* 1112
660 2
+2 3
+1 7
381 3
cfn=(553)
calls=1 * 
* 44
1019 4
663 7
cfn=(553)
calls=1 * 
* 49

fl=(129)
fn=(536)
0 12
fi=(99)
cfi=(105)
cfn=(568) free
calls=1 3356 
0 2866
cfi=(136)
cfn=(564)
calls=7 64 
0 182
fi=(99)
0 78
fe=(129)
24 8
fi=(130) ./stdio-common/../libio/strfile.h
+69 1
fe=(129)
-69 2
fi=(130)
+69 1
fe=(129)
-69 2
fi=(130)
+69 1
fe=(129)
-69 1
fi=(130)
+69 1
fe=(129)
-69 7
fi=(130)
+69 1
fe=(129)
-69 1
fi=(130)
+69 1
fe=(129)
-69 3
fi=(130)
+68 1
+1 1
cfi=(118)
cfn=(538) _IO_no_init
calls=1 563 
* 38
+1 2
+1 4
-1 1
+1 1
cfi=(131)
cfn=(544)
calls=1 -59 
* 82
fe=(129)
-65 3
+1 1
-1 3
+1 2
-1 1
+1 5
cfi=(134)
cfn=(552)
calls=1 278 
* 608

fl=(119) ./libio/./libio/filedoalloc.c
fn=(476) _IO_file_doallocate
78 12
+6 2
-6 6
+6 4
fi=(123)
940 10
+2 2
+1 4
fe=(119)
84 8
cfi=(117)
cfn=(478)
calls=2 1147 
* 32
* 2
+2 8
+5 2
fi=(151) ./libio/../include/sys/sysmacros.h
-44 4
fe=(119)
+44 2
-2 4
+5 2
+3 2
-3 4
+3 10
cfn=(477) _IO_file_doallocate'2
calls=2 +1 
* 1066
fi=(118)
347 4
+3 8
fe=(119)

fn=(477)
98 2
+3 4
cfi=(105)
cfn=(433) malloc'2
calls=1 3287 
* 237
cob=(1)
cfi=(88)
cfn=(330)
calls=1 -63 
* 810
* 13

fl=(128)
fn=(528)
75 1
+5 1
+1 1
+1 1
+1 1
+1 1
+1 1
+3 1
+1 1
+9 1
+10 1
+1 1
+1 1
+1 1
+1 1
+1 1

fl=(74)
fn=(282)
34 9

fl=(102)
fn=(418)
29 10
+15 2
cfi=(103) ./setjmp/../sysdeps/aarch64/setjmp.S
cfn=(420) _setjmp
calls=1 -15 
* 35
+2 1
+12 1
-10 1
+3 1
+4 1
+3 1
-7 1
+4 1
-3 2
+6 5
cob=(5)
cfi=(99)
cfn=(426)
calls=1 -58 
* 9011

fl=(124)
fn=(512)
25 6
+1 4
-1 2
+1 18
+1 10

fl=(112)
fn=(460)
0 1
fi=(99)
cob=(5)
cfi=(99)
cfn=(427)
calls=1 0 
0 5442
28 2
+5 1
-5 3
+4 1
-4 1
+4 2
-4 1
+5 1
-5 6
+5 2
-5 1
+5 1
-5 2
+5 1
-5 3
+4 2
+1 1
-1 2
+1 4
cfi=(113)
cfn=(462)
calls=1 1180 
* 1456

fl=(114)
fn=(464)
56 1
+2 1
+1 1
+1 1
+1 1
+1 1
+1 1
+1 1
+1 1
+1 1
+1 1
+1 1
+1 1
+1 1
+2 1
+1 1
+1 1
+1 1

fl=(110)
fn=(452)
35 2
+1 10
+1 4
+6 2
+1 2

fl=(75)
fn=(284)
34 20

fl=(105)
fn=(454) alloc_perturb
2005 18
+2 6

fn=(432)
0 4
fi=(99)
cob=(5)
cfi=(99)
cfn=(495)
calls=1 0 
0 919
0 6
fi=(99)
cfn=(433)
calls=1 3287 
0 357
fi=(99)
0 4
fi=(119)
104 4
cfi=(118)
cfn=(486)
calls=1 329 
* 21
+1 1
+1 10
-5 1
+1 1
fe=(105)
3287 3
+7 3
-7 9
+7 3
-7 3
+7 3
1343 2
3306 8
1362 2
3306 2
-2 6
+2 2
-2 4
+2 2
+3 8
+10 6
fi=(106) ./malloc/./malloc/arena.c
315 1
cfn=(436) ptmalloc_init.part.0
calls=1 -2 
* 1673
fe=(105)
3310 4
+1 4
+10 10
cfn=(444) _int_malloc
calls=2 3771 
* 332

fn=(433)
0 5
fi=(99)
cob=(5)
cfi=(99)
cfn=(429)
calls=1 0 
0 142
fi=(119)
104 4
cfi=(118)
cfn=(486)
calls=1 329 
* 21
+1 1
+1 10
-5 1
+1 1
fe=(105)
3287 2
+7 2
-7 6
+7 2
-7 2
+7 2
1343 2
3306 8
1362 2
3306 2
-2 6
+2 2
-2 4
+2 2
+3 8
+10 6
-9 4
+1 4
+10 10
cfn=(444)
calls=2 3771 
* 333

fn=(442) tcache_init.part.0
3235 3
+9 3
-9 1
+9 6
cfi=(97)
cfn=(396)
calls=1 0 
* 6
* 1
+1 3
cfn=(444)
calls=1 3771 
* 412
fi=(111) ./string/../sysdeps/aarch64/memset.S
32 1
+5 1
+1 1
+2 1
+1 1
+43 1
+1 1
+1 1
+1 1
+1 1
+1 1
+2 1
+1 1
+1 1
+1 1
+1 1
+2 1
+1 1
-4 8
+1 8
+2 8
+1 8
+1 1
+1 1
+1 2
+7 1
+1 1
fe=(105)

fn=(444)
3771 18
1343 12
+19 42
3811 1
1810 1
3838 3
1362 5
3811 5
1810 5
4397 5
3838 15
+63 6
+62 48
+1 6
3840 3
-2 2
1362 1
3843 1
+2 1
+8 10
-10 2
+2 2
+59 15
cfn=(445) _int_malloc'2
calls=3 * 
* 387
+80 6
-1 2
-1 2
+2 2
-1 2
+1 8
-2 4
4158 2
3994 2
4158 2
-97 2
-73 2
+73 4
-73 4
+6 6
4183 4
+2 6
+3 8
+68 2
+1 2
-1 2
+1 2
+3 2
-1 2
-2 2
+2 2
-1 2
-1 2
+3 2
-3 2
+2 2
+1 2
+5 8
cfn=(445)
calls=2 +4 
* 98
3904 4
cfn=(445)
calls=1 * 
* 365
3245 1
+1 1
+8 3
cfi=(97)
cfn=(400)
calls=1 0 
* 6
* 2
+9 1
+1 3
-1 1
+4 3
-3 1
+83 30
-26 5
+1 20
fi=(106)
162 5
fe=(105)

fn=(445)
3904 8
+2 12
4413 24
-14 44
3903 4
4399 16
3984 12
-1 4
-1 4
+2 4
-1 4
+1 14
-2 6
4158 3
3994 3
4158 3
-97 3
-73 3
+73 6
-73 6
+6 9
4158 1
3994 1
4158 1
-97 1
-73 1
+73 2
-73 2
+6 3
4183 8
+73 4
+1 4
-1 4
+1 4
+3 4
-1 4
-2 4
+2 4
-1 4
-1 4
+3 4
-3 4
+2 4
+1 4
+5 16
cfn=(445)
calls=4 +4 
* 492
+7 52
-3 57
4369 6
+3 6
-2 12
+2 12
+3 18
+17 5
+17 6
cfn=(454)
calls=6 2005 
* 24
* 30
cfn=(445)
calls=6 +4 
* 24
-29 15
-2 5
+2 5
-3 5
+2 5
+6 5
-5 5
+2 5
-2 10
+6 5
-4 5
+4 10
cfn=(445)
calls=5 +23 
* 70
+21 3
cfn=(446) sysmalloc
calls=1 2548 
* 269

fn=(572) _int_free
4421 15
+10 3
-10 9
+10 3
+6 3
-16 9
+16 12
+1 6
+4 12
+8 30
-1 3
+10 3
-9 3
-1 3
+1 6
+9 3
-6 3
+6 12
+20 15
3181 6
+4 3
-2 3
-2 3
+2 3
-2 3
+3 3
+1 3
4482 3
cfn=(573) _int_free'2
calls=3 4702 
* 39
3394 3
+1 12

fn=(573)
4702 39

fn=(446)
2548 5
+20 1
-20 6
+20 1
-20 3
+20 1
+11 1
+1 6
+26 2
+1 2
+1 1
+9 2
+6 3
+3 4
+61 1
+8 1
-8 1
+9 1
+13 1
-22 2
+9 3
+13 1
+8 5
+8 2
+2 2
cfi=(108) ./malloc/./malloc/morecore.c
cfn=(448) __glibc_morecore
calls=1 26 
* 58
* 1
+1 2
2028 1
2729 1
2028 1
2729 1
2028 3
2730 1
+3 1
+33 1
2610 1
2766 2
cfn=(447) sysmalloc'2
calls=1 -2 
* 119
4407 1
+1 1
+1 2
cfn=(445)
calls=1 * 
* 14

fn=(447)
2941 3
+1 1
+5 2
+3 2
+5 1
-2 1
+2 1
-3 1
+3 1
+1 1
+2 1
-3 1
-1 1
+1 2
+3 1
-2 1
+2 1
cfn=(447)
calls=1 +6 
* 13
+6 13
2764 3
+2 1
+6 2
-6 3
+6 1
+3 5
+34 1
+6 2
+22 1
+1 1
-1 1
+1 4
+2 2
+1 2
cfi=(108)
cfn=(448)
calls=1 26 
* 31
* 1
+12 1
2028 5
2897 4
-2 1
+1 3
-1 1
+1 1
+1 1
+11 1
2765 2
cfn=(447)
calls=1 +1 
* 114
-35 3
cfn=(447)
calls=1 2837 
* 96

fn=(568)
0 2
fi=(99)
cob=(5)
cfi=(99)
cfn=(574)
calls=1 0 
0 2762
3356 1
-4 1
+14 1
-14 2
+12 3
+4 1
-16 1
+12 1
+4 1
+17 5
fi=(106)
162 4
cfi=(105)
cfn=(569)
calls=1 3391 
* 81
fe=(105)

fn=(569)
0 2
fi=(99)
cfn=(569)
calls=1 3356 
0 105
fi=(99)
0 4
fe=(105)
0 3
3356 2
-4 2
+14 2
-14 4
+12 6
+4 2
-16 2
+12 2
+4 2
+17 10
fi=(106)
162 2
fe=(105)
3391 6
cfn=(572)
calls=3 4421 
* 237
fi=(106)
162 6
cfi=(105)
cfn=(569)
calls=2 3391 
* 162
fe=(105)

fl=(103)
fn=(420)
29 1
+1 1
+1 1
cfn=(422) __sigsetjmp
calls=1 +8 
* 32

fn=(422)
39 1
+1 1
+1 1
+1 1
+1 1
+3 4
+1 1
+7 1
+1 1
+1 1
+1 1
+1 1
+2 1
+1 4
+1 1
+10 1
cfi=(104)
cfn=(424)
calls=1 -44 
* 10

fl=(95)
fn=(374)
61 1
+2 1
+1 1
+1 1
+1 1
+1 1
+1 1
+2 1
+1 1
+1 1
+1 1
+1 1
+1 1
+1 1
+1 1
+1 1
+1 1
+1 1
+1 1
+1 1
+1 1
+1 1
+31 1
+1 1
+1 1
+1 1
+1 1
+1 1
+1 1
+1 1
+1 1
+1 1
+1 1
+2 1
+1 1
+1 1
+1 1
+1 1
+1 1
+1 1
+1 1
+1 1
+1 1
+1 1
+1 1
+1 1

fl=(85) ./resource/../sysdeps/unix/sysv/linux/getrlimit64.c
fn=(320) getrlimit
39 8
+1 1

fl=(138)
fn=(582)
149 3
+1 2
-1 1
+1 3
+18 4

fl=(140)
fn=(586)
fi=(139)
56 1
+3 1
+2 6
+7 3
cob=(1)
cfi=(42)
cfn=(338)
calls=1 -24 
* 11
+5 1
-7 1
+7 1
-7 1
+7 10
+5 1
-5 1
+5 2
+2 12
+2 8
+8 4
-6 4
+6 8
-5 4
+1 4
-8 8
+14 5
+1 5
+6 4
cob=(1)
cfi=(12)
cfn=(226)
calls=1 290 
* 295
+9 2
+5 1
-5 2
cfi=(141)
cfn=(588)
calls=1 368 
* 1152
+60 2
+6 2
+7 8
-13 4
fe=(140)
-91 3
+3 4
+2 1
+2 2
+4 3
+20 4
+4 1
+3 1
-3 1
+3 3
-71 1
+1 6
+1 1
+84 1
+1 3
cfn=(587) pthread_mutex_lock@@GLIBC_2.17'2
calls=1 +41 
* 10

fn=(587)
172 1
-2 1
+2 2
+3 1
+2 1
+1 4

fl=(115)
fn=(554)
76 1
-1 1
+1 2
+2 1
-2 1
+2 4
+3 3
+1 1
+6 2
-9 1
+8 1
+1 1
-7 2
+6 1
+4 3
-13 5
+18 1

fl=(127)
fn=(526)
56 1
+2 1
+1 1
+1 1
+1 1
+1 1
+1 1
+1 1
+1 1
+1 1
+1 1
+1 1
+2 1
+1 1
+1 1
+1 1

fl=(96)
fn=(376)
84 7
+1 5
+1 5
+2 1

fl=(83)
fn=(316)
fi=(2)
2523 1
cob=(1)
cfi=(9)
cfn=(336)
calls=1 263 
* 1
+4 3
cob=(1)
cfi=(42)
cfn=(338)
calls=1 44 
* 11
+5 2
cob=(1)
cfi=(39)
cfn=(166)
calls=1 38 
* 7
+1 1
-1 1
+2 1
cob=(1)
cfi=(39)
cfn=(128)
calls=1 117 
* 1
+1 1
+4 1
cob=(1)
cfi=(62)
cfn=(340)
calls=1 537 
* 22
+5 9
fe=(83)
33 9
+2 1
cfi=(84) ./ctype/./ctype/ctype-info.c
cfn=(318) __ctype_init
calls=1 -4 
* 20
+3 1
+3 1
fi=(86) ./elf/../sysdeps/nptl/pthread_early_init.h
-8 2
fe=(83)
+5 1
+3 1
-3 1
fi=(86)
-5 1
cfi=(85)
cfn=(320)
calls=1 +6 
* 9
* 2
+1 3
+4 3
+7 1
+8 2
-8 1
fi=(152) ./elf/../nptl/nptl-stack.h
+13 1
fi=(86)
-13 1
+9 1
-8 1
+6 1
fi=(152)
+6 1
fi=(86)
-6 1
fi=(152)
+6 2
fi=(86)
-12 1
+6 4
+1 1
-1 1
+5 1
cfi=(87)
cfn=(324)
calls=1 -7 
* 861
fe=(83)

fl=(93)
fn=(370)
46 1
+5 1
-5 1
+5 1
-5 3
+5 1
+4 8
+8 1
-2 2
+10 1
-8 1
-2 1
+1 1
+9 1
+1 1
-9 1
+9 1
-1 1
cfi=(94)
cfn=(372)
calls=1 -40 
* 68

fl=(118)
fn=(486)
329 6
+1 3
-1 9
+1 3
-1 9
+1 3
+5 9
-2 3
+2 6
+3 12

fn=(502) _IO_default_uflow
0 15
fi=(99)
cfi=(122)
cfn=(499)
calls=4 34 
0 72
fi=(99)
0 108
fe=(118)
0 10
361 2
fi=(123)
940 4
fe=(118)
361 6
fi=(123)
940 4
fe=(118)
362 2
fi=(123)
940 2
+2 2
+1 4
fe=(118)
362 6
cfi=(131)
cfn=(558)
calls=1 143 
* 13
cfi=(117)
cfn=(504)
calls=1 +99 
* 644
+1 2
+3 3

fn=(530)
199 2
+2 1
-2 1
+2 1
+2 1
fi=(123)
940 5
+2 1
+1 2
fe=(118)
203 1
+1 1
-1 1
+1 1
-1 1
cfi=(117)
cfn=(472)
calls=1 731 
* 143

fn=(538)
563 8
+1 1
cfn=(540) _IO_old_init
calls=1 -30 
* 20
+1 1
+1 1
+20 2
+2 1
-1 1
+1 3

fn=(490)
fi=(117)
1266 5
cfn=(471)
calls=1 +1 
* 4
fe=(118)
374 1
-3 3
fi=(123)
940 5
fe=(118)
371 7
+8 3
+20 2
fi=(123)
942 1
+1 2
fe=(118)
399 4
cfi=(117)
cfn=(472)
calls=1 731 
* 28
* 2
+2 1
-22 1
cfn=(491) _IO_default_xsputn'2
calls=1 * 
* 187

fn=(491)
379 15
+20 9
fi=(123)
942 4
+1 8
fe=(118)
399 16
cfi=(117)
cfn=(472)
calls=4 731 
* 112
* 8
+2 4
-22 4
cfn=(491)
calls=4 * 
* 308
-4 1
+29 6

fn=(474)
fi=(117)
496 16
cfi=(97)
cfn=(396)
calls=1 0 
* 6
* 1
+2 1
-2 1
+2 2
-2 2
+2 2
-2 2
+2 2
-9 6
+11 1
fi=(123)
940 4
+2 1
-2 1
+2 1
+1 2
fi=(117)
500 5
cfn=(472)
calls=1 731 
* 128
* 1
cfi=(123)
cfn=(514)
calls=1 883 
* 101
745 2
+9 1
-9 2
cfn=(473)
calls=1 +9 
* 25
fe=(118)
343 8
+1 4
+2 6
+1 2
fi=(123)
940 10
+2 2
+1 4
fe=(118)
347 6
cfi=(119)
cfn=(476)
calls=2 78 
* 1198

fn=(638)
fi=(137)
134 3
+2 2
fe=(118)
863 2
+3 1
-3 4
-76 2
+76 1
-76 1
+76 1
-77 1
+77 3
+3 1
cfn=(640) _IO_flush_all_lockp
calls=1 686 
* 145
* 1
-80 5
cfi=(116)
cfn=(468)
calls=1 25 
* 9
+1 9
cfi=(97)
cfn=(396)
calls=1 0 
* 6
* 4
+3 2
-3 3
+3 1
fi=(123)
940 7
cfi=(118)
cfn=(639) _IO_cleanup'2
calls=1 799 
* 337
fe=(118)

fn=(639)
838 6
-48 6
+9 9
+2 4
+6 16
cfi=(97)
cfn=(396)
calls=2 0 
* 12
* 10
+8 10
+9 10
cfi=(117)
cfn=(646)
calls=2 381 
* 146
+2 6
+4 8
+1 14
cfi=(97)
cfn=(400)
calls=2 0 
* 12
* 4
+11 7
+1 2
cfi=(116)
cfn=(492)
calls=1 40 
* 9
+35 14
-54 2
-7 2
+2 2
-2 2
+4 2
-1 2
fi=(123)
942 2
fe=(118)
821 2
fi=(123)
943 4
fe=(118)
842 4
cfi=(97)
cfn=(400)
calls=1 0 
* 6
* 2

fn=(648)
452 2
fi=(123)
940 2
fe=(118)
452 6
fi=(123)
940 2
fe=(118)
452 2
fi=(123)
940 4
fe=(118)
453 2
fi=(123)
940 2
fe=(118)
452 4
fi=(123)
942 2
+1 4
fe=(118)
453 6
cfi=(117)
cfn=(650)
calls=2 792 
* 32
* 4
+2 2
+2 2
-2 2
330 2
455 2
+2 4
+1 2
-1 2
330 4
467 2
337 4
466 2
-1 4
333 2
468 8

fn=(540)
534 1
-2 3
+2 1
+6 1
-6 2
+7 1
+14 1
-21 1
+9 1
-6 1
+10 1
+2 1
-5 2
+6 1
+5 1
+3 1

fn=(556)
fi=(134)
637 1
-4 1
+4 8
1017 3
+2 17
cfn=(553)
calls=1 * 
* 344
fe=(118)
635 4
+3 4
+1 3
+2 3
+6 1
cfn=(557) _IO_sputbackc'2
calls=1 +1 
* 6

fn=(557)
648 3
+3 3

fn=(500)
299 8
+1 6
+5 4
+3 6
+2 4
+6 4
+7 2
fi=(123)
940 10
+2 2
+1 4
fe=(118)
323 4
+1 2
-1 2
+1 2
-1 2
cfn=(502)
calls=2 +38 
* 899
-23 2
+21 4

fn=(516)
164 4
+1 4
+3 2
+5 1
-1 2
+1 2
+7 1
+1 1
-1 1
-4 1
+2 2
+4 3

fn=(640)
686 5
+5 1
-5 1
+5 1
-5 2
+6 2
-6 1
+5 2
-5 3
+5 1
+1 1
-1 1
cfi=(116)
cfn=(468)
calls=1 25 
* 9
+1 9
cfi=(97)
cfn=(396)
calls=1 0 
* 6
* 4
+3 2
-3 3
+3 1
fi=(123)
940 5
fe=(118)
687 1
fi=(123)
940 2
fe=(118)
697 1
+1 1
-1 2
+1 2
+3 9
+8 3
-14 3
+16 6
-16 3
+20 6
+1 2
cfi=(116)
cfn=(492)
calls=1 40 
* 9
+4 14
-19 9
+14 4
cfi=(97)
cfn=(400)
calls=1 0 
* 6
* 2

fl=(108)
fn=(448)
26 6
-1 4
+4 2
cfi=(109)
cfn=(450)
calls=2 +8 
* 69
+1 4
+4 4

fl=(106)
fn=(436)
313 2
+5 1
-5 3
+5 1
-5 1
+5 1
fi=(105)
3162 1
fe=(106)
313 3
fi=(105)
3162 3
fe=(106)
318 1
fi=(105)
3162 1
cfi=(107)
cfn=(438)
calls=1 28 
* 20
* 2
fe=(106)
343 3
+4 8
fi=(105)
1969 1
-3 3
+3 126
-3 378
+11 2
+1 1
-1 1
+1 2
+2 1
fe=(106)
352 4
fi=(105)
1980 1
fe=(106)
352 1
cob=(1)
cfi=(10)
cfn=(26)
calls=12 +56 
* 286
* 117
fi=(105)
3306 4
1362 1
3306 1
-2 3
+2 1
-2 2
+2 1
+13 3
1343 1
3241 3
cfn=(442)
calls=1 -6 
* 491
+68 4
+1 4
+1 2
+10 5
cfn=(444)
calls=1 3771 
* 172
fe=(106)

fl=(84)
fn=(318)
31 5
+2 2
+2 2
-4 2
+2 1
+2 3
-4 1
+2 1
-2 1
+2 1
+3 1

totals: 117739
